0.00157 6508.46564 0.00000 9169.10201 0.00000 142057.35379 0.00000
0.00314 6508.32435 0.00000 9162.01314 0.00000 142061.10901 0.00000
0.00471 6508.20155 0.00000 9150.54840 0.00000 142067.28281 0.00000
0.00628 6508.09659 0.00000 9134.96334 0.00000 142075.81232 0.00000
0.00785 6508.00832 0.00000 9115.50891 0.00000 142086.64561 0.00000
0.00942 6507.93512 0.00000 9092.43214 0.00000 142099.74196 0.00000
0.01100 6507.87492 0.00000 9065.97672 0.00000 142115.07206 0.00000
0.01257 6507.82518 0.00000 9036.38353 0.00000 142132.61822 0.00000
0.01414 6507.78295 0.00000 9003.89110 0.00000 142152.37457 0.00000
0.01571 6507.74680 0.00000 8968.73599 0.00000 142174.34750 0.00000
0.01728 6507.71296 0.00000 8931.15316 0.00000 142198.55508 0.00000
0.01885 6507.67730 0.00000 8891.37620 0.00000 142225.02761 0.00000
0.02042 6507.63533 0.00000 8849.63758 0.00000 142253.80765 0.00000
0.02199 6507.58222 0.00000 8806.16883 0.00000 142284.95010 0.00000
0.02356 6507.51282 0.00000 8761.20066 0.00000 142318.52229 0.00000
0.02513 6507.42168 0.00000 8714.96298 0.00000 142354.60399 0.00000
0.02670 6507.30308 0.00000 8667.68498 0.00000 142393.28748 0.00000
0.02827 6507.15101 0.00000 8619.59511 0.00000 142434.67748 0.00000
0.02985 6506.95926 0.00000 8570.92095 0.00000 142478.89111 0.00000
0.03142 6506.72136 0.00000 8521.88917 0.00000 142526.05778 0.00000
0.03299 6506.43067 0.00000 8472.72531 0.00000 142576.31909 0.00000
0.03456 6506.08037 0.00000 8423.65352 0.00000 142629.82864 0.00000
0.03613 6505.66345 0.00000 8374.89631 0.00000 142686.75192 0.00000
0.03770 6505.17280 0.00000 8326.67415 0.00000 142747.26611 0.00000
0.03927 6504.60118 0.00000 8279.20506 0.00000 142811.55989 0.00000
0.04084 6503.94126 0.00000 8232.70416 0.00000 142879.83326 0.00000
0.04241 6503.18563 0.00000 8187.38312 0.00000 142952.29723 0.00000
0.04398 6502.32683 0.00000 8143.44961 0.00000 143029.17365 0.00000
0.04555 6501.35738 0.00000 8101.10662 0.00000 143110.69489 0.00000
0.04712 6500.26978 0.00000 8060.55183 0.00000 143197.10357 0.00000
0.04869 6499.05656 0.00000 8021.97686 0.00000 143288.65226 0.00000
0.05027 6497.71025 0.00000 7985.56653 0.00000 143385.60316 0.00000
0.05184 6496.22348 0.00000 7951.49811 0.00000 143488.22778 0.00000
0.05341 6494.59964 0.00000 7919.72619 0.00000 143596.83296 0.00000
0.05498 6492.84249 0.00000 7890.20371 0.00000 143711.72920 0.00000
0.05655 6490.95616 0.00000 7862.88213 0.00000 143833.23028 0.00000
0.05812 6488.94514 0.00000 7837.71146 0.00000 143961.65282 0.00000
0.05969 6486.81427 0.00000 7814.64042 0.00000 144097.31582 0.00000
0.06126 6484.56877 0.00000 7793.61659 0.00000 144240.54021 0.00000
0.06283 6482.21422 0.00000 7774.58648 0.00000 144391.64841 0.00000
0.06440 6479.75656 0.00000 7757.49568 0.00000 144550.96383 0.00000
0.06597 6477.20389 0.00000 7742.28892 0.00000 144718.80674 0.00000
0.06754 6474.56287 0.00000 7728.91030 0.00000 144895.50072 0.00000
0.06912 6471.84047 0.00000 7717.30337 0.00000 145081.36896 0.00000
0.07069 6469.04403 0.00000 7707.41121 0.00000 145276.73382 0.00000
0.07226 6466.18126 0.00000 7699.17661 0.00000 145481.91641 0.00000
0.07383 6463.26019 0.00000 7692.54211 0.00000 145697.23617 0.00000
0.07540 6460.28919 0.00000 7687.45016 0.00000 145923.01085 0.00000
0.07697 6457.27697 0.00000 7683.84324 0.00000 146159.55609 0.00000
0.07854 6454.23256 0.00000 7681.66391 0.00000 146407.18514 0.00000
0.08011 6451.16533 0.00000 7680.85493 0.00000 146666.20847 0.00000
0.08168 6448.08494 0.00000 7681.35932 0.00000 146936.93349 0.00000
0.08325 6445.00137 0.00000 7683.12042 0.00000 147219.66418 0.00000
0.08482 6441.92490 0.00000 7686.08199 0.00000 147514.70081 0.00000
0.08639 6438.86612 0.00000 7690.18825 0.00000 147822.33969 0.00000
0.08796 6435.83589 0.00000 7695.38392 0.00000 148142.87288 0.00000
0.08954 6432.84534 0.00000 7701.61433 0.00000 148476.58803 0.00000
0.09111 6429.90589 0.00000 7708.82544 0.00000 148823.76818 0.00000
0.09268 6427.02921 0.00000 7716.96387 0.00000 149184.69152 0.00000
0.09425 6424.22721 0.00000 7725.97696 0.00000 149559.63132 0.00000
0.09582 6421.51204 0.00000 7735.81281 0.00000 149948.85573 0.00000
0.09739 6418.89607 0.00000 7746.42028 0.00000 150352.62771 0.00000
0.09896 6416.39189 0.00000 7757.74904 0.00000 150771.20493 0.00000
0.10053 6414.01228 0.00000 7769.74958 0.00000 151204.83965 0.00000
0.10210 6411.77023 0.00000 7782.37321 0.00000 151653.77869 0.00000
0.10367 6409.68428 0.00000 7795.61337 0.00000 152118.23236 0.00000
0.10524 6407.77273 0.00000 7809.46322 0.00000 152598.40679 0.00000
0.10681 6406.05356 0.00000 7823.91570 0.00000 153094.50338 0.00000
0.10838 6404.54442 0.00000 7838.96347 0.00000 153606.71828 0.00000
0.10996 6403.26263 0.00000 7854.59899 0.00000 154135.24187 0.00000
0.11153 6402.22517 0.00000 7870.81447 0.00000 154680.25815 0.00000
0.11310 6401.44866 0.00000 7887.60191 0.00000 155241.94426 0.00000
0.11467 6400.94932 0.00000 7904.95311 0.00000 155820.46992 0.00000
0.11624 6400.74445 0.00000 7922.85976 0.00000 156415.99634 0.00000
0.11781 6400.84943 0.00000 7941.31326 0.00000 157028.67718 0.00000
0.11938 6401.27924 0.00000 7960.30478 0.00000 157658.65714 0.00000
0.12095 6402.04838 0.00000 7979.82531 0.00000 158306.07153 0.00000
0.12252 6403.17094 0.00000 7999.86563 0.00000 158971.04577 0.00000
0.12409 6404.66051 0.00000 8020.41630 0.00000 159653.69455 0.00000
0.12566 6406.53017 0.00000 8041.46769 0.00000 160354.12020 0.00000
0.12723 6408.79253 0.00000 8063.00988 0.00000 161072.41242 0.00000
0.12881 6411.45965 0.00000 8085.03275 0.00000 161808.64812 0.00000
0.13038 6414.54309 0.00000 8107.52595 0.00000 162562.89133 0.00000
0.13195 6418.05383 0.00000 8130.47887 0.00000 163335.19321 0.00000
0.13352 6422.00231 0.00000 8153.88071 0.00000 164125.59188 0.00000
0.13509 6426.39839 0.00000 8177.72039 0.00000 164934.11255 0.00000
0.13666 6431.25135 0.00000 8201.98661 0.00000 165760.76750 0.00000
0.13823 6436.56986 0.00000 8226.66784 0.00000 166605.55623 0.00000
0.13980 6442.36202 0.00000 8251.75231 0.00000 167468.46561 0.00000
0.14137 6448.63526 0.00000 8277.22805 0.00000 168349.47006 0.00000
0.14294 6455.39643 0.00000 8303.08282 0.00000 169248.53179 0.00000
0.14451 6462.65172 0.00000 8329.30421 0.00000 170165.60103 0.00000
0.14608 6470.40670 0.00000 8355.87955 0.00000 171100.61634 0.00000
0.14765 6478.66627 0.00000 8382.79599 0.00000 172053.50491 0.00000
0.14923 6487.43468 0.00000 8410.04046 0.00000 173024.18291 0.00000
0.15080 6496.71554 0.00000 8437.59967 0.00000 174012.55581 0.00000
0.15237 6506.51178 0.00000 8465.46018 0.00000 175018.51880 0.00000
0.15394 6516.82693 0.00000 8493.60502 0.00000 176041.87980 0.00000
0.15551 6527.66375 0.00000 8522.01717 0.00000 177082.44746 0.00000
0.15708 6539.02423 0.00000 8550.67955 0.00000 178140.03069 0.00000
0.15865 6550.90957 0.00000 8579.57500 0.00000 179214.43814 0.00000
0.16022 6563.32027 0.00000 8608.68633 0.00000 180305.47774 0.00000
0.16179 6576.25605 0.00000 8637.99632 0.00000 181412.95615 0.00000
0.16336 6589.71595 0.00000 8667.48772 0.00000 182536.67831 0.00000
0.16493 6603.69828 0.00000 8697.14327 0.00000 183676.44692 0.00000
0.16650 6618.20164 0.00000 8726.94607 0.00000 184832.07958 0.00000
0.16808 6633.22293 0.00000 8756.87885 0.00000 186003.37390 0.00000
0.16965 6648.75838 0.00000 8786.92438 0.00000 187190.12386 0.00000
0.17122 6664.80358 0.00000 8817.06541 0.00000 188392.11937 0.00000
0.17279 6681.35349 0.00000 8847.28475 0.00000 189609.14587 0.00000
0.17436 6698.40244 0.00000 8877.56524 0.00000 190840.98376 0.00000
0.17593 6715.94418 0.00000 8907.88973 0.00000 192087.40753 0.00000
0.17750 6733.97187 0.00000 8938.24116 0.00000 193348.18544 0.00000
0.17907 6752.47810 0.00000 8968.60246 0.00000 194623.07941 0.00000
0.18064 6771.45490 0.00000 8998.95665 0.00000 195911.84485 0.00000
0.18221 6790.89380 0.00000 9029.28679 0.00000 197214.23053 0.00000
0.18378 6810.78576 0.00000 9059.57598 0.00000 198529.97845 0.00000
0.18535 6831.12128 0.00000 9089.80738 0.00000 199858.82378 0.00000
0.18692 6851.89035 0.00000 9119.96419 0.00000 201200.49480 0.00000
0.18850 6873.08250 0.00000 9150.02967 0.00000 202554.71299 0.00000
0.19007 6894.68680 0.00000 9179.98715 0.00000 203921.19304 0.00000
0.19164 6916.69188 0.00000 9209.81998 0.00000 205299.64298 0.00000
0.19321 6939.08597 0.00000 9239.51160 0.00000 206689.76427 0.00000
0.19478 6961.85688 0.00000 9269.04550 0.00000 208091.25201 0.00000
0.19635 6984.99203 0.00000 9298.40524 0.00000 209503.79504 0.00000
0.19792 7008.47850 0.00000 9327.57442 0.00000 210927.07620 0.00000
0.19949 7032.30299 0.00000 9356.53672 0.00000 212360.77255 0.00000
0.20106 7056.45187 0.00000 9385.27588 0.00000 213804.55559 0.00000
0.20263 7080.91121 0.00000 9413.77571 0.00000 215258.09153 0.00000
0.20420 7105.66821 0.00000 9442.02215 0.00000 216720.97078 0.00000
0.20577 7130.70975 0.00000 9470.00118 0.00000 218192.78935 0.00000
0.20735 7156.02237 0.00000 9497.69884 0.00000 219673.14839 0.00000
0.20892 7181.59232 0.00000 9525.10120 0.00000 221161.65374 0.00000
0.21049 7207.40559 0.00000 9552.19441 0.00000 222657.91543 0.00000
0.21206 7233.44793 0.00000 9578.96469 0.00000 224161.54734 0.00000
0.21363 7259.70486 0.00000 9605.39838 0.00000 225672.16672 0.00000
0.21520 7286.16173 0.00000 9631.48190 0.00000 227189.39381 0.00000
0.21677 7312.80392 0.00000 9657.20200 0.00000 228712.88506 0.00000
0.21834 7339.61640 0.00000 9682.54532 0.00000 230242.26574 0.00000
0.21991 7366.58399 0.00000 9707.49865 0.00000 231777.16304 0.00000
0.22148 7393.69140 0.00000 9732.04890 0.00000 233317.20582 0.00000
0.22305 7420.92326 0.00000 9756.18316 0.00000 234862.02430 0.00000
0.22462 7448.26412 0.00000 9779.88863 0.00000 236411.24980 0.00000
0.22619 7475.69848 0.00000 9803.15270 0.00000 237964.51456 0.00000
0.22777 7503.21079 0.00000 9825.96292 0.00000 239521.45146 0.00000
0.22934 7530.78549 0.00000 9848.30698 0.00000 241081.69386 0.00000
0.23091 7558.40699 0.00000 9870.17277 0.00000 242644.87547 0.00000
0.23248 7586.05972 0.00000 9891.54830 0.00000 244210.63013 0.00000
0.23405 7613.72811 0.00000 9912.42179 0.00000 245778.59163 0.00000
0.23562 7641.39661 0.00000 9932.78160 0.00000 247348.39353 0.00000
0.23719 7669.04968 0.00000 9952.61624 0.00000 248919.66912 0.00000
0.23876 7696.67185 0.00000 9971.91441 0.00000 250492.05131 0.00000
0.24033 7724.24766 0.00000 9990.66494 0.00000 252065.17257 0.00000
0.24190 7751.76174 0.00000 10008.85684 0.00000 253638.66497 0.00000
0.24347 7779.19876 0.00000 10026.47925 0.00000 255212.16009 0.00000
0.24504 7806.54347 0.00000 10043.52148 0.00000 256785.28903 0.00000
0.24662 7833.78068 0.00000 10059.97298 0.00000 258357.68248 0.00000
0.24819 7860.89530 0.00000 10075.82334 0.00000 259928.97068 0.00000
0.24976 7887.87233 0.00000 10091.06227 0.00000 261498.78349 0.00000
0.25133 7914.69683 0.00000 10105.67964 0.00000 263066.75044 0.00000
0.25290 7941.35399 0.00000 10119.66543 0.00000 264632.50076 0.00000
0.25447 7967.83210 0.00000 10133.01463 0.00000 266195.64447 0.00000
0.25604 7994.11942 0.00000 10145.72207 0.00000 267755.79525 0.00000
0.25761 8020.20417 0.00000 10157.78246 0.00000 269312.57050 0.00000
0.25918 8046.07460 0.00000 10169.19036 0.00000 270865.59142 0.00000
0.26075 8071.71892 0.00000 10179.94030 0.00000 272414.48303 0.00000
0.26232 8097.12542 0.00000 10190.02672 0.00000 273958.87420 0.00000
0.26389 8122.28239 0.00000 10199.44403 0.00000 275498.39769 0.00000
0.26546 8147.17818 0.00000 10208.18663 0.00000 277032.69012 0.00000
0.26704 8171.80096 0.00000 10216.24884 0.00000 278561.42591 0.00000
0.26861 8196.13919 0.00000 10223.62505 0.00000 280084.24864 0.00000
0.27018 8220.18143 0.00000 10230.30973 0.00000 281600.80570 0.00000
0.27175 8243.91636 0.00000 10236.29737 0.00000 283110.74834 0.00000
0.27332 8267.33273 0.00000 10241.58258 0.00000 284613.73154 0.00000
0.27489 8290.41943 0.00000 10246.16001 0.00000 286109.41402 0.00000
0.27646 8313.16547 0.00000 10250.02444 0.00000 287597.45815 0.00000
0.27803 8335.56000 0.00000 10253.17075 0.00000 289077.52988 0.00000
0.27960 8357.59229 0.00000 10255.59392 0.00000 290549.29866 0.00000
0.28117 8379.25177 0.00000 10257.28909 0.00000 292012.43737 0.00000
0.28274 8400.52800 0.00000 10258.25149 0.00000 293466.62220 0.00000
0.28431 8421.41071 0.00000 10258.47654 0.00000 294911.53248 0.00000
0.28588 8441.88979 0.00000 10257.95976 0.00000 296346.85058 0.00000
0.28746 8461.95526 0.00000 10256.69685 0.00000 297772.26176 0.00000
0.28903 8481.59733 0.00000 10254.68365 0.00000 299187.45410 0.00000
0.29060 8500.80636 0.00000 10251.91617 0.00000 300592.11836 0.00000
0.29217 8519.57290 0.00000 10248.39057 0.00000 301985.94787 0.00000
0.29374 8537.88763 0.00000 10244.10314 0.00000 303368.63842 0.00000
0.29531 8555.74143 0.00000 10239.05035 0.00000 304739.88814 0.00000
0.29688 8573.12534 0.00000 10233.22883 0.00000 306099.39735 0.00000
0.29845 8590.03057 0.00000 10226.63533 0.00000 307446.86850 0.00000
0.30002 8606.44850 0.00000 10219.26676 0.00000 308782.00598 0.00000
0.30159 8622.37069 0.00000 10211.12018 0.00000 310104.51604 0.00000
0.30316 8637.78885 0.00000 10202.19277 0.00000 311414.10669 0.00000
0.30473 8652.69917 0.00000 10192.48872 0.00000 312710.53441 0.00000
0.30631 8667.09780 0.00000 10182.01184 0.00000 313993.55225 0.00000
0.30788 8680.98087 0.00000 10170.76561 0.00000 315262.91058 0.00000
0.30945 8694.34450 0.00000 10158.75323 0.00000 316518.35775 0.00000
0.31102 8707.18482 0.00000 10145.97763 0.00000 317759.64075 0.00000
0.31259 8719.49796 0.00000 10132.44153 0.00000 318986.50581 0.00000
0.31416 8731.28008 0.00000 10118.14745 0.00000 320198.69897 0.00000
0.31573 8742.52739 0.00000 10103.09777 0.00000 321395.96660 0.00000
0.31730 8753.23624 0.00000 10087.29462 0.00000 322578.07728 0.00000
0.31887 8763.40300 0.00000 10070.74016 0.00000 323744.77823 0.00000
0.32044 8773.02406 0.00000 10053.43647 0.00000 324895.81830 0.00000
0.32201 8782.09594 0.00000 10035.38557 0.00000 326030.94837 0.00000
0.32358 8790.61520 0.00000 10016.58947 0.00000 327149.92165 0.00000
0.32515 8798.57852 0.00000 9997.05017 0.00000 328252.49399 0.00000
0.32673 8805.98267 0.00000 9976.76970 0.00000 329338.42406 0.00000
0.32830 8812.82452 0.00000 9955.75011 0.00000 330407.47362 0.00000
0.32987 8819.10106 0.00000 9933.99350 0.00000 331459.40765 0.00000
0.33144 8824.80941 0.00000 9911.50206 0.00000 332493.99451 0.00000
0.33301 8829.94680 0.00000 9888.27804 0.00000 333511.00602 0.00000
0.33458 8834.51061 0.00000 9864.32380 0.00000 334510.21756 0.00000
0.33615 8838.49833 0.00000 9839.64183 0.00000 335491.40812 0.00000
0.33772 8841.90765 0.00000 9814.23473 0.00000 336454.36033 0.00000
0.33929 8844.73637 0.00000 9788.10525 0.00000 337398.86042 0.00000
0.34086 8846.98247 0.00000 9761.25628 0.00000 338324.69821 0.00000
0.34243 8848.64407 0.00000 9733.69087 0.00000 339231.66707 0.00000
0.34400 8849.71946 0.00000 9705.41219 0.00000 340119.56381 0.00000
0.34558 8850.20711 0.00000 9676.42361 0.00000 340988.18860 0.00000
0.34715 8850.10561 0.00000 9646.72863 0.00000 341837.34486 0.00000
0.34872 8849.41378 0.00000 9616.33093 0.00000 342666.83912 0.00000
0.35029 8848.13055 0.00000 9585.23432 0.00000 343476.48088 0.00000
0.35186 8846.25505 0.00000 9553.44281 0.00000 344266.08246 0.00000
0.35343 8843.78658 0.00000 9520.96054 0.00000 345035.45882 0.00000
0.35500 8840.72964 0.00000 9487.79964 0.00000 345784.54253 0.00000
0.35657 8837.08867 0.00000 9453.97184 0.00000 346513.25404 0.00000
0.35814 8832.86808 0.00000 9419.48844 0.00000 347221.50308 0.00000
0.35971 8828.07225 0.00000 9384.36045 0.00000 347909.19004 0.00000
0.36128 8822.70555 0.00000 9348.59852 0.00000 348576.20722 0.00000
0.36285 8816.77232 0.00000 9312.21308 0.00000 349222.44007 0.00000
0.36442 8810.27694 0.00000 9275.21428 0.00000 349847.76831 0.00000
0.36600 8803.22378 0.00000 9237.61210 0.00000 350452.06705 0.00000
0.36757 8795.61901 0.00000 9199.41688 0.00000 351035.21309 0.00000
0.36914 8787.46722 0.00000 9160.63832 0.00000 351597.07416 0.00000
0.37071 8778.77302 0.00000 9121.28607 0.00000 352137.51622 0.00000
0.37228 8769.54110 0.00000 9081.36965 0.00000 352656.40425 0.00000
0.37385 8759.77619 0.00000 9040.89857 0.00000 353153.60302 0.00000
0.37542 8749.48314 0.00000 8999.88228 0.00000 353628.97776 0.00000
0.37699 8738.66683 0.00000 8958.33025 0.00000 354082.39477 0.00000
0.37856 8727.33227 0.00000 8916.25197 0.00000 354513.72198 0.00000
0.38013 8715.48457 0.00000 8873.65696 0.00000 354922.82945 0.00000
0.38170 8703.12893 0.00000 8830.55481 0.00000 355309.58979 0.00000
0.38327 8690.27068 0.00000 8786.95519 0.00000 355673.87855 0.00000
0.38485 8676.91528 0.00000 8742.86789 0.00000 356015.57466 0.00000
0.38642 8663.06834 0.00000 8698.30282 0.00000 356334.56078 0.00000
0.38799 8648.73563 0.00000 8653.27005 0.00000 356630.72348 0.00000
0.38956 8633.92308 0.00000 8607.77981 0.00000 356903.95340 0.00000
0.39113 8618.63677 0.00000 8561.84250 0.00000 357154.14541 0.00000
0.39270 8602.88296 0.00000 8515.46869 0.00000 357381.19864 0.00000
0.39427 8586.66809 0.00000 8468.66917 0.00000 357585.01654 0.00000
0.39584 8569.99877 0.00000 8421.45491 0.00000 357765.50682 0.00000
0.39741 8552.88179 0.00000 8373.83711 0.00000 357922.58148 0.00000
0.39898 8535.32414 0.00000 8325.82715 0.00000 358056.15665 0.00000
0.40055 8517.33296 0.00000 8277.43667 0.00000 358166.15252 0.00000
0.40212 8498.91562 0.00000 8228.67750 0.00000 358252.49319 0.00000
0.40369 8480.07966 0.00000 8179.56172 0.00000 358315.10652 0.00000
0.40527 8460.83833 0.00000 8130.10914 0.00000 358354.10298 0.00000
0.40684 8441.20487 0.00000 8080.33934 0.00000 358369.57369 0.00000
0.40841 8421.19248 0.00000 8030.27170 0.00000 358361.59233 0.00000
0.40998 8400.81437 0.00000 7979.92542 0.00000 358330.21684 0.00000
0.41155 8380.08374 0.00000 7929.31955 0.00000 358275.49123 0.00000
0.41312 8359.01379 0.00000 7878.47305 0.00000 358197.44717 0.00000
0.41469 8337.61775 0.00000 7827.40477 0.00000 358096.10557 0.00000
0.41626 8315.90885 0.00000 7776.13351 0.00000 357971.47803 0.00000
0.41783 8293.90526 0.00000 7724.68010 0.00000 357823.56301 0.00000
0.41940 8271.62051 0.00000 7673.06343 0.00000 357652.35722 0.00000
0.42097 8249.06819 0.00000 7621.30244 0.00000 357457.85205 0.00000
0.42254 8226.26197 0.00000 7569.41613 0.00000 357240.03476 0.00000
0.42412 8203.21556 0.00000 7517.42354 0.00000 356998.88956 0.00000
0.42569 8179.94274 0.00000 7465.34383 0.00000 356734.39861 0.00000
0.42726 8156.45738 0.00000 7413.19625 0.00000 356446.54294 0.00000
0.42883 8132.77344 0.00000 7361.00019 0.00000 356135.30327 0.00000
0.43040 8108.90494 0.00000 7308.77521 0.00000 355800.66084 0.00000
0.43197 8084.86603 0.00000 7256.54100 0.00000 355442.59806 0.00000
0.43354 8060.67094 0.00000 7204.31746 0.00000 355061.09915 0.00000
0.43511 8036.33401 0.00000 7152.12468 0.00000 354656.15100 0.00000
0.43668 8011.86975 0.00000 7099.98302 0.00000 354227.74369 0.00000
0.43825 7987.29278 0.00000 7047.91304 0.00000 353775.87094 0.00000
0.43982 7962.61785 0.00000 6995.93558 0.00000 353300.53043 0.00000
0.44139 7937.85986 0.00000 6944.07173 0.00000 352801.72409 0.00000
0.44296 7913.03386 0.00000 6892.34285 0.00000 352279.45834 0.00000
0.44454 7888.15500 0.00000 6840.77059 0.00000 351733.74420 0.00000
0.44611 7863.23861 0.00000 6789.37685 0.00000 351164.59744 0.00000
0.44768 7838.30013 0.00000 6738.18383 0.00000 350572.03860 0.00000
0.44925 7813.35513 0.00000 6687.21401 0.00000 349956.09302 0.00000
0.45082 7788.41931 0.00000 6636.49013 0.00000 349316.79076 0.00000
0.45239 7763.50850 0.00000 6586.03524 0.00000 348654.16656 0.00000
0.45396 7738.63864 0.00000 6535.87264 0.00000 347968.25968 0.00000
0.45553 7713.83118 0.00000 6486.03171 0.00000 347259.33613 0.00000
0.45710 7689.10752 0.00000 6436.54186 0.00000 346527.63883 0.00000
0.45867 7664.48894 0.00000 6387.43261 0.00000 345773.38956 0.00000
0.46024 7639.99667 0.00000 6338.73352 0.00000 344996.79090 0.00000
0.46181 7615.65184 0.00000 6290.47422 0.00000 344198.02807 0.00000
0.46338 7591.47546 0.00000 6242.68441 0.00000 343377.27067 0.00000
0.46496 7567.48845 0.00000 6195.39383 0.00000 342534.67441 0.00000
0.46653 7543.71162 0.00000 6148.63226 0.00000 341670.38268 0.00000
0.46810 7520.17472 0.00000 6102.43408 0.00000 340784.52546 0.00000
0.46967 7496.89857 0.00000 6056.82932 0.00000 339877.22675 0.00000
0.47124 7473.90383 0.00000 6011.84803 0.00000 338948.60272 0.00000
0.47281 7451.21104 0.00000 5967.52021 0.00000 337998.76302 0.00000
0.47438 7428.84055 0.00000 5923.87580 0.00000 337027.81197 0.00000
0.47595 7406.81254 0.00000 5880.94468 0.00000 336035.84977 0.00000
0.47752 7385.14701 0.00000 5838.75659 0.00000 335022.97358 0.00000
0.47909 7363.86374 0.00000 5797.34112 0.00000 333989.27846 0.00000
0.48066 7342.98231 0.00000 5756.72768 0.00000 332934.85837 0.00000
0.48223 7322.52205 0.00000 5716.94543 0.00000 331859.80698 0.00000
0.48381 7302.50207 0.00000 5678.02327 0.00000 330764.21848 0.00000
0.48538 7282.94122 0.00000 5639.98977 0.00000 329648.18866 0.00000
0.48695 7263.85808 0.00000 5602.87313 0.00000 328511.81567 0.00000
0.48852 7245.27099 0.00000 5566.70116 0.00000 327355.20060 0.00000
0.49009 7227.19797 0.00000 5531.50116 0.00000 326178.44787 0.00000
0.49166 7209.65673 0.00000 5497.29992 0.00000 324981.66574 0.00000
0.49323 7192.66466 0.00000 5464.12361 0.00000 323764.96658 0.00000
0.49480 7176.23877 0.00000 5431.99775 0.00000 322528.46717 0.00000
0.49637 7160.39571 0.00000 5400.94710 0.00000 321272.28891 0.00000
0.49794 7145.15173 0.00000 5370.99564 0.00000 319996.55796 0.00000
0.49951 7130.52264 0.00000 5342.16647 0.00000 318701.40535 0.00000
0.50108 7116.52381 0.00000 5314.48175 0.00000 317386.96699 0.00000
0.50265 7103.17016 0.00000 5287.96261 0.00000 316053.38372 0.00000
0.50423 7090.47609 0.00000 5262.62912 0.00000 314700.80121 0.00000
0.50580 7078.46002 0.00000 5238.50285 0.00000 313329.61032 0.00000
0.50737 7067.13971 0.00000 5215.60429 0.00000 311940.17900 0.00000
0.50894 7056.53222 0.00000 5193.95280 0.00000 310532.85404 0.00000
0.51051 7046.65392 0.00000 5173.56648 0.00000 309107.96286 0.00000
0.51208 7037.52042 0.00000 5154.46214 0.00000 307665.81517 0.00000
0.51365 7029.14656 0.00000 5136.65522 0.00000 306206.70458 0.00000
0.51522 7021.54642 0.00000 5120.15968 0.00000 304730.91021 0.00000
0.51679 7014.73325 0.00000 5104.98800 0.00000 303238.69814 0.00000
0.51836 7008.73223 0.00000 5091.15839 0.00000 301730.34414 0.00000
0.51993 7003.55505 0.00000 5078.68024 0.00000 300206.09506 0.00000
0.52150 6999.21255 0.00000 5067.56122 0.00000 298666.18900 0.00000
0.52308 6995.71464 0.00000 5057.80728 0.00000 297110.85662 0.00000
0.52465 6993.07036 0.00000 5049.42259 0.00000 295540.32232 0.00000
0.52622 6991.28781 0.00000 5042.40949 0.00000 293954.80537 0.00000
0.52779 6990.37416 0.00000 5036.76851 0.00000 292354.52101 0.00000
0.52936 6990.33565 0.00000 5032.49830 0.00000 290739.68142 0.00000
0.53093 6991.17756 0.00000 5029.59568 0.00000 289110.49672 0.00000
0.53250 6992.90421 0.00000 5028.05560 0.00000 287467.17581 0.00000
0.53407 6995.51899 0.00000 5027.87116 0.00000 285809.92721 0.00000
0.53564 6999.02432 0.00000 5029.03364 0.00000 284138.96033 0.00000
0.53721 7003.42167 0.00000 5031.53253 0.00000 282454.48623 0.00000
0.53878 7008.71158 0.00000 5035.35554 0.00000 280756.71825 0.00000
0.54035 7014.89365 0.00000 5040.48866 0.00000 279045.87261 0.00000
0.54192 7021.96652 0.00000 5046.91619 0.00000 277322.16882 0.00000
0.54350 7029.92791 0.00000 5054.62083 0.00000 275585.83014 0.00000
0.54507 7038.77462 0.00000 5063.58370 0.00000 273837.08395 0.00000
0.54664 7048.50253 0.00000 5073.78440 0.00000 272076.16202 0.00000
0.54821 7059.10662 0.00000 5085.20114 0.00000 270303.30078 0.00000
0.54978 7070.58098 0.00000 5097.81075 0.00000 268518.74148 0.00000
0.55135 7082.91881 0.00000 5111.58879 0.00000 266722.73037 0.00000
0.55292 7096.11248 0.00000 5126.50963 0.00000 264915.51876 0.00000
0.55449 7110.15350 0.00000 5142.54652 0.00000 263097.36306 0.00000
0.55606 7125.03573 0.00000 5159.67160 0.00000 261268.75433 0.00000
0.55763 7140.75215 0.00000 5177.85643 0.00000 259430.16545 0.00000
0.55920 7157.29493 0.00000 5197.07209 0.00000 257582.05262 0.00000
0.56077 7174.65541 0.00000 5217.28918 0.00000 255724.85670 0.00000
0.56235 7192.82414 0.00000 5238.47792 0.00000 253859.00452 0.00000
0.56392 7211.79088 0.00000 5260.60818 0.00000 251984.91023 0.00000
0.56549 7231.54465 0.00000 5283.64958 0.00000 250102.97654 0.00000
0.56706 7252.07375 0.00000 5307.57146 0.00000 248213.59594 0.00000
0.56863 7273.37885 0.00000 5332.35072 0.00000 246317.23081 0.00000
0.57020 7295.44668 0.00000 5357.95629 0.00000 244414.26244 0.00000
0.57177 7318.26334 0.00000 5384.35699 0.00000 242505.06559 0.00000
0.57334 7341.81428 0.00000 5411.52162 0.00000 240590.00960 0.00000
0.57491 7366.08435 0.00000 5439.41895 0.00000 238669.45939 0.00000
0.57648 7391.05787 0.00000 5468.01781 0.00000 236743.77649 0.00000
0.57805 7416.71857 0.00000 5497.28709 0.00000 234813.31995 0.00000
0.57962 7443.04971 0.00000 5527.19580 0.00000 232878.44728 0.00000
0.58119 7470.03406 0.00000 5557.71308 0.00000 230939.51528 0.00000
0.58277 7497.65394 0.00000 5588.80827 0.00000 228996.88091 0.00000
0.58434 7525.89123 0.00000 5620.45090 0.00000 227050.90205 0.00000
0.58591 7554.72746 0.00000 5652.61072 0.00000 225101.93869 0.00000
0.58748 7584.14376 0.00000 5685.25776 0.00000 223150.35379 0.00000
0.58905 7614.12094 0.00000 5718.36230 0.00000 221196.51383 0.00000
0.59062 7644.63952 0.00000 5751.89494 0.00000 219240.78948 0.00000
0.59219 7675.67969 0.00000 5785.82659 0.00000 217283.55606 0.00000
0.59376 7707.22144 0.00000 5820.12849 0.00000 215325.19403 0.00000
0.59533 7739.24449 0.00000 5854.77223 0.00000 213366.08946 0.00000
0.59690 7771.72836 0.00000 5889.72978 0.00000 211406.63439 0.00000
0.59847 7804.65240 0.00000 5924.97346 0.00000 209447.22720 0.00000
0.60004 7837.99579 0.00000 5960.47598 0.00000 207488.27286 0.00000
0.60161 7871.73756 0.00000 5996.21048 0.00000 205530.18325 0.00000
0.60319 7905.85665 0.00000 6032.15046 0.00000 203573.37734 0.00000
0.60476 7940.33187 0.00000 6068.26986 0.00000 201618.28142 0.00000
0.60633 7975.14414 0.00000 6104.54279 0.00000 199665.51436 0.00000
0.60790 8010.27430 0.00000 6140.94395 0.00000 197715.68795 0.00000
0.60947 8045.70315 0.00000 6177.44867 0.00000 195769.40784 0.00000
0.61104 8081.41149 0.00000 6214.03283 0.00000 193827.27448 0.00000
0.61261 8117.38008 0.00000 6250.67291 0.00000 191889.88405 0.00000
0.61418 8153.58969 0.00000 6287.34597 0.00000 189957.82932 0.00000
0.61575 8190.02110 0.00000 6324.02964 0.00000 188031.70058 0.00000
0.61732 8226.65513 0.00000 6360.70212 0.00000 186112.08639 0.00000
0.61889 8263.48315 0.00000 6397.34822 0.00000 184199.76956 0.00000
0.62046 8300.48575 0.00000 6433.94703 0.00000 182295.34938 0.00000
0.62204 8337.64360 0.00000 6470.47819 0.00000 180399.42636 0.00000
0.62361 8374.93741 0.00000 6506.92186 0.00000 178512.60286 0.00000
0.62518 8412.34801 0.00000 6543.25874 0.00000 176635.48387 0.00000
0.62675 8449.85632 0.00000 6579.47001 0.00000 174768.67761 0.00000
0.62832 8487.44335 0.00000 6615.53735 0.00000 172912.79619 0.00000
0.62989 8525.09024 0.00000 6651.44296 0.00000 171068.45616 0.00000
0.63146 8562.77822 0.00000 6687.16947 0.00000 169236.27907 0.00000
0.63303 8600.48868 0.00000 6722.70001 0.00000 167416.89191 0.00000
0.63460 8638.20313 0.00000 6758.01815 0.00000 165610.92761 0.00000
0.63617 8675.90321 0.00000 6793.10790 0.00000 163819.02574 0.00000
0.63774 8713.57070 0.00000 6827.95370 0.00000 162041.83291 0.00000
0.63931 8751.18755 0.00000 6862.54041 0.00000 160280.00303 0.00000
0.64088 8788.73583 0.00000 6896.85330 0.00000 158534.19744 0.00000
0.64246 8826.19780 0.00000 6930.87805 0.00000 156805.08504 0.00000
0.64403 8863.55586 0.00000 6964.60071 0.00000 155093.34225 0.00000
0.64560 8900.79256 0.00000 6998.00770 0.00000 153399.65299 0.00000
0.64717 8937.89065 0.00000 7031.08583 0.00000 151724.70845 0.00000
0.64874 8974.83304 0.00000 7063.82225 0.00000 150069.20692 0.00000
0.65031 9011.60280 0.00000 7096.20445 0.00000 148433.85335 0.00000
0.65188 9048.18317 0.00000 7128.22028 0.00000 146819.35898 0.00000
0.65345 9084.55761 0.00000 7159.85789 0.00000 145226.44073 0.00000
0.65502 9120.70971 0.00000 7191.10575 0.00000 143655.82058 0.00000
0.65659 9156.62512 0.00000 7221.95395 0.00000 142108.32716 0.00000
0.65816 9192.28970 0.00000 7252.39260 0.00000 140584.78886 0.00000
0.65973 9227.68947 0.00000 7282.41192 0.00000 139086.03309 0.00000
0.66131 9262.81064 0.00000 7312.00219 0.00000 137612.88544 0.00000
0.66288 9297.63962 0.00000 7341.15384 0.00000 136166.16875 0.00000
0.66445 9332.16301 0.00000 7369.85740 0.00000 134746.70198 0.00000
0.66602 9366.36758 0.00000 7398.10359 0.00000 133355.29895 0.00000
0.66759 9400.24032 0.00000 7425.88327 0.00000 131992.76696 0.00000
0.66916 9433.77567 0.00000 7453.19176 0.00000 130660.30792 0.00000
0.67073 9466.96070 0.00000 7480.02013 0.00000 129358.72990 0.00000
0.67230 9499.78266 0.00000 7506.35972 0.00000 128088.82960 0.00000
0.67387 9532.22902 0.00000 7532.20205 0.00000 126851.39025 0.00000
0.67544 9564.28744 0.00000 7557.53891 0.00000 125647.17949 0.00000
0.67701 9595.94577 0.00000 7582.36233 0.00000 124476.94697 0.00000
0.67858 9627.19206 0.00000 7606.66461 0.00000 123341.42195 0.00000
0.68015 9658.01455 0.00000 7630.43829 0.00000 122241.31068 0.00000
0.68173 9688.40169 0.00000 7653.67617 0.00000 121177.29372 0.00000
0.68330 9718.34211 0.00000 7676.37136 0.00000 120150.02316 0.00000
0.68487 9747.82464 0.00000 7698.51720 0.00000 119160.11975 0.00000
0.68644 9776.83829 0.00000 7720.10733 0.00000 118208.17018 0.00000
0.68801 9805.37229 0.00000 7741.13566 0.00000 117294.72411 0.00000
0.68958 9833.41602 0.00000 7761.59638 0.00000 116420.29123 0.00000
0.69115 9860.95910 0.00000 7781.48397 0.00000 115585.33831 0.00000
0.69272 9887.99130 0.00000 7800.79315 0.00000 114790.28630 0.00000
0.69429 9914.50261 0.00000 7819.51895 0.00000 114035.50755 0.00000
0.69586 9940.48319 0.00000 7837.65665 0.00000 113321.32307 0.00000
0.69743 9965.92338 0.00000 7855.20178 0.00000 112648.00004 0.00000
0.69900 9990.81372 0.00000 7872.15016 0.00000 112015.74942 0.00000
0.70058 10015.14494 0.00000 7888.49782 0.00000 111424.72383 0.00000
0.70215 10038.90793 0.00000 7904.24107 0.00000 110875.01561 0.00000
0.70372 10062.09379 0.00000 7919.37643 0.00000 110366.65527 0.00000
0.70529 10084.69377 0.00000 7933.90068 0.00000 109899.61009 0.00000
0.70686 10106.70121 0.00000 7947.81398 0.00000 109473.78147 0.00000
0.70843 10128.10962 0.00000 7961.11609 0.00000 109089.01277 0.00000
0.71000 10148.91262 0.00000 7973.80639 0.00000 108745.08888 0.00000
0.71157 10169.10403 0.00000 7985.88398 0.00000 108441.73606 0.00000
0.71314 10188.67780 0.00000 7997.34765 0.00000 108178.62213 0.00000
0.71471 10207.62803 0.00000 8008.19600 0.00000 107955.35696 0.00000
0.71628 10225.94900 0.00000 8018.42746 0.00000 107771.49330 0.00000
0.71785 10243.63511 0.00000 8028.04030 0.00000 107626.52796 0.00000
0.71942 10260.68528 0.00000 8037.03530 0.00000 107520.51617 0.00000
0.72100 10277.09398 0.00000 8045.41044 0.00000 107452.85244 0.00000
0.72257 10292.85587 0.00000 8053.16368 0.00000 107422.87923 0.00000
0.72414 10307.96575 0.00000 8060.29299 0.00000 107429.88928 0.00000
0.72571 10322.41859 0.00000 8066.79640 0.00000 107473.12808 0.00000
0.72728 10336.20951 0.00000 8072.67197 0.00000 107551.79663 0.00000
0.72885 10349.33381 0.00000 8077.91788 0.00000 107665.05428 0.00000
0.73042 10361.78693 0.00000 8082.53240 0.00000 107812.02181 0.00000
0.73199 10373.56446 0.00000 8086.51393 0.00000 107991.78458 0.00000
0.73356 10384.66217 0.00000 8089.86104 0.00000 108203.39572 0.00000
0.73513 10395.07597 0.00000 8092.57244 0.00000 108445.87945 0.00000
0.73670 10404.80194 0.00000 8094.64702 0.00000 108718.23434 0.00000
0.73827 10413.83632 0.00000 8096.08390 0.00000 109019.43659 0.00000
0.73985 10422.17553 0.00000 8096.88238 0.00000 109348.44329 0.00000
0.74142 10429.81612 0.00000 8097.04198 0.00000 109704.19560 0.00000
0.74299 10436.75484 0.00000 8096.56245 0.00000 110085.62188 0.00000
0.74456 10442.98859 0.00000 8095.44374 0.00000 110491.64065 0.00000
0.74613 10448.51440 0.00000 8093.68606 0.00000 110921.16358 0.00000
0.74770 10453.32951 0.00000 8091.28982 0.00000 111373.09817 0.00000
0.74927 10457.43128 0.00000 8088.25567 0.00000 111846.35038 0.00000
0.75084 10460.81724 0.00000 8084.58448 0.00000 112339.82715 0.00000
0.75241 10463.48507 0.00000 8080.27734 0.00000 112852.43868 0.00000
0.75398 10465.43261 0.00000 8075.33557 0.00000 113383.10058 0.00000
0.75555 10466.65784 0.00000 8069.76069 0.00000 113930.73585 0.00000
0.75712 10467.16078 0.00000 8063.55921 0.00000 114494.24000 0.00000
0.75869 10466.94153 0.00000 8056.73697 0.00000 115072.52764 0.00000
0.76027 10466.00031 0.00000 8049.29920 0.00000 115664.53356 0.00000
0.76184 10464.33745 0.00000 8041.25059 0.00000 116269.21372 0.00000
0.76341 10461.95336 0.00000 8032.59530 0.00000 116885.54595 0.00000
0.76498 10458.84859 0.00000 8023.33711 0.00000 117512.53065 0.00000
0.76655 10455.02377 0.00000 8013.47939 0.00000 118149.19123 0.00000
0.76812 10450.47965 0.00000 8003.02518 0.00000 118794.57451 0.00000
0.76969 10445.21902 0.00000 7991.97831 0.00000 119448.35984 0.00000
0.77126 10439.24262 0.00000 7980.34120 0.00000 120109.63011 0.00000
0.77283 10432.55134 0.00000 7968.11609 0.00000 120777.49214 0.00000
0.77440 10425.14616 0.00000 7955.30507 0.00000 121451.07668 0.00000
0.77597 10417.02816 0.00000 7941.91013 0.00000 122129.53839 0.00000
0.77754 10408.19855 0.00000 7927.93319 0.00000 122812.05562 0.00000
0.77911 10398.65864 0.00000 7913.37616 0.00000 123497.83028 0.00000
0.78069 10388.40987 0.00000 7898.24091 0.00000 124186.08751 0.00000
0.78226 10377.45378 0.00000 7882.52937 0.00000 124876.07540 0.00000
0.78383 10365.79201 0.00000 7866.24351 0.00000 125567.06463 0.00000
0.78540 10353.42632 0.00000 7849.38539 0.00000 126258.34804 0.00000
0.78697 10340.35861 0.00000 7831.95715 0.00000 126949.24030 0.00000
0.78854 10326.59089 0.00000 7813.96108 0.00000 127639.07742 0.00000
0.79011 10312.12528 0.00000 7795.39962 0.00000 128327.21630 0.00000
0.79168 10296.96407 0.00000 7776.27537 0.00000 129013.03426 0.00000
0.79325 10281.10962 0.00000 7756.59107 0.00000 129695.92852 0.00000
0.79482 10264.56447 0.00000 7736.34969 0.00000 130375.31572 0.00000
0.79639 10247.33122 0.00000 7715.55435 0.00000 131050.63135 0.00000
0.79796 10229.41266 0.00000 7694.20837 0.00000 131721.32932 0.00000
0.79954 10210.81163 0.00000 7672.31528 0.00000 132386.88136 0.00000
0.80111 10191.53113 0.00000 7649.87879 0.00000 133046.77654 0.00000
0.80268 10171.57427 0.00000 7626.90283 0.00000 133700.52077 0.00000
0.80425 10150.94426 0.00000 7603.39151 0.00000 134347.63626 0.00000
0.80582 10129.64444 0.00000 7579.34913 0.00000 134987.66104 0.00000
0.80739 10107.67984 0.00000 7554.78594 0.00000 135620.15658 0.00000
0.80896 10085.05558 0.00000 7529.71142 0.00000 136244.69571 0.00000
0.81053 10061.77684 0.00000 7504.13435 0.00000 136860.86274 0.00000
0.81210 10037.84884 0.00000 7478.06285 0.00000 137468.25361 0.00000
0.81367 10013.27691 0.00000 7451.50448 0.00000 138066.47594 0.00000
0.81524 9988.06639 0.00000 7424.46624 0.00000 138655.14913 0.00000
0.81681 9962.22272 0.00000 7396.95467 0.00000 139233.90440 0.00000
0.81838 9935.75138 0.00000 7368.97590 0.00000 139802.38484 0.00000
0.81996 9908.65811 0.00000 7340.53528 0.00000 140360.75067 0.00000
0.82153 9880.94833 0.00000 7311.63811 0.00000 140908.65744 0.00000
0.82310 9852.62753 0.00000 7282.28941 0.00000 141445.77299 0.00000
0.82467 9823.70126 0.00000 7252.49396 0.00000 141971.77738 0.00000
0.82624 9794.17511 0.00000 7222.25634 0.00000 142486.36285 0.00000
0.82781 9764.05476 0.00000 7191.58097 0.00000 142989.23370 0.00000
0.82938 9733.34595 0.00000 7160.47215 0.00000 143480.10623 0.00000
0.83095 9702.05445 0.00000 7128.93409 0.00000 143958.70857 0.00000
0.83252 9670.18612 0.00000 7096.97094 0.00000 144424.78057 0.00000
0.83409 9637.74687 0.00000 7064.58682 0.00000 144878.07361 0.00000
0.83566 9604.74267 0.00000 7031.78585 0.00000 145318.35052 0.00000
0.83723 9571.17954 0.00000 6998.57218 0.00000 145745.38545 0.00000
0.83881 9537.06361 0.00000 6964.95002 0.00000 146158.96384 0.00000
0.84038 9502.40107 0.00000 6930.92364 0.00000 146558.88213 0.00000
0.84195 9467.19817 0.00000 6896.49741 0.00000 146944.94756 0.00000
0.84352 9431.46125 0.00000 6861.67583 0.00000 147316.97793 0.00000
0.84509 9395.19670 0.00000 6826.46349 0.00000 147674.80134 0.00000
0.84666 9358.41101 0.00000 6790.86513 0.00000 148018.25594 0.00000
0.84823 9321.11069 0.00000 6754.88561 0.00000 148347.18961 0.00000
0.84980 9283.30236 0.00000 6718.52995 0.00000 148661.45975 0.00000
0.85137 9244.99267 0.00000 6681.80332 0.00000 148960.93291 0.00000
0.85294 9206.18833 0.00000 6644.71103 0.00000 149245.48456 0.00000
0.85451 9166.89612 0.00000 6607.25857 0.00000 149514.99876 0.00000
0.85608 9127.12286 0.00000 6569.45155 0.00000 149769.36784 0.00000
0.85765 9086.87655 0.00000 6531.30162 0.00000 150008.56454 0.00000
0.85923 9046.16520 0.00000 6492.81971 0.00000 150232.55367 0.00000
0.86080 9004.99685 0.00000 6454.01611 0.00000 150441.29337 0.00000
0.86237 8963.37955 0.00000 6414.90046 0.00000 150634.73623 0.00000
0.86394 8921.32139 0.00000 6375.48187 0.00000 150812.83041 0.00000
0.86551 8878.83045 0.00000 6335.76891 0.00000 150975.52068 0.00000
0.86708 8835.91485 0.00000 6295.76968 0.00000 151122.74939 0.00000
0.86865 8792.58270 0.00000 6255.49183 0.00000 151254.45744 0.00000
0.87022 8748.84425 0.00000 6214.94128 0.00000 151370.97527 0.00000
0.87179 8704.70752 0.00000 6174.12484 0.00000 151472.23514 0.00000
0.87336 8660.18053 0.00000 6133.04900 0.00000 151558.17058 0.00000
0.87493 8615.27131 0.00000 6091.71999 0.00000 151628.71709 0.00000
0.87650 8569.98792 0.00000 6050.14380 0.00000 151683.81278 0.00000
0.87808 8524.33840 0.00000 6008.32619 0.00000 151723.39896 0.00000
0.87965 8478.33082 0.00000 5966.27277 0.00000 151747.42067 0.00000
0.88122 8431.97322 0.00000 5923.98898 0.00000 151755.82718 0.00000
0.88279 8385.27367 0.00000 5881.48014 0.00000 151748.57240 0.00000
0.88436 8338.24024 0.00000 5838.75150 0.00000 151725.61524 0.00000
0.88593 8290.88097 0.00000 5795.80820 0.00000 151686.92001 0.00000
0.88750 8243.20394 0.00000 5752.65537 0.00000 151632.45698 0.00000
0.88907 8195.21724 0.00000 5709.29812 0.00000 151562.20264 0.00000
0.89064 8146.92895 0.00000 5665.74157 0.00000 151476.13998 0.00000
0.89221 8098.34718 0.00000 5621.99083 0.00000 151374.25855 0.00000
0.89378 8049.48003 0.00000 5578.05108 0.00000 151256.55458 0.00000
0.89535 8000.33562 0.00000 5533.92752 0.00000 151123.03107 0.00000
0.89692 7950.92203 0.00000 5489.62544 0.00000 150973.69772 0.00000
0.89850 7901.24739 0.00000 5445.15016 0.00000 150808.57099 0.00000
0.90007 7851.31978 0.00000 5400.50710 0.00000 150627.67396 0.00000
0.90164 7801.14729 0.00000 5355.70176 0.00000 150431.03630 0.00000
0.90321 7750.73799 0.00000 5310.73972 0.00000 150218.69410 0.00000
0.90478 7700.09993 0.00000 5265.62667 0.00000 149990.68977 0.00000
0.90635 7649.24115 0.00000 5220.36836 0.00000 149747.07178 0.00000
0.90792 7598.17015 0.00000 5174.97572 0.00000 149488.02278 0.00000
0.90949 7546.89540 0.00000 5129.45914 0.00000 149213.70783 0.00000
0.91106 7495.42535 0.00000 5083.82848 0.00000 148924.27610 0.00000
0.91263 7443.76840 0.00000 5038.09314 0.00000 148619.86242 0.00000
0.91420 7391.93293 0.00000 4992.26207 0.00000 148300.58876 0.00000
0.91577 7339.92727 0.00000 4946.34380 0.00000 147966.56568 0.00000
0.91735 7287.75970 0.00000 4900.34646 0.00000 147617.89370 0.00000
0.91892 7235.43849 0.00000 4854.27782 0.00000 147254.66462 0.00000
0.92049 7182.97741 0.00000 4808.14284 0.00000 146877.22704 0.00000
0.92206 7130.38464 0.00000 4761.94856 0.00000 146485.65315 0.00000
0.92363 7077.66828 0.00000 4715.70173 0.00000 146080.01012 0.00000
0.92520 7024.83640 0.00000 4669.40885 0.00000 145660.36117 0.00000
0.92677 6971.89699 0.00000 4623.07620 0.00000 145226.76657 0.00000
0.92834 6918.85803 0.00000 4576.70983 0.00000 144779.28451 0.00000
0.92991 6865.72740 0.00000 4530.31562 0.00000 144317.97202 0.00000
0.93148 6812.51294 0.00000 4483.89927 0.00000 143842.88574 0.00000
0.93305 6759.22243 0.00000 4437.46635 0.00000 143354.08266 0.00000
0.93462 6705.86358 0.00000 4391.02228 0.00000 142851.62078 0.00000
0.93619 6652.44403 0.00000 4344.57239 0.00000 142335.55979 0.00000
0.93777 6598.97138 0.00000 4298.12191 0.00000 141805.96192 0.00000
0.93934 6545.45314 0.00000 4251.67600 0.00000 141262.89256 0.00000
0.94091 6491.89679 0.00000 4205.23977 0.00000 140706.42069 0.00000
0.94248 6438.30973 0.00000 4158.81829 0.00000 140136.61925 0.00000
0.94405 6384.69930 0.00000 4112.41659 0.00000 139553.56546 0.00000
0.94562 6331.07276 0.00000 4066.03969 0.00000 138957.34108 0.00000
0.94719 6277.43730 0.00000 4019.69258 0.00000 138348.03263 0.00000
0.94876 6223.80004 0.00000 3973.38027 0.00000 137725.73154 0.00000
0.95033 6170.16801 0.00000 3927.10777 0.00000 137090.53429 0.00000
0.95190 6116.54818 0.00000 3880.88010 0.00000 136442.54245 0.00000
0.95347 6062.94741 0.00000 3834.70229 0.00000 135781.86271 0.00000
0.95504 6009.37247 0.00000 3788.57942 0.00000 135108.60694 0.00000
0.95661 5955.83005 0.00000 3742.51656 0.00000 134422.89207 0.00000
0.95819 5902.32663 0.00000 3696.52221 0.00000 133725.00387 0.00000
0.95976 5848.86859 0.00000 3650.60456 0.00000 133015.20757 0.00000
0.96133 5795.46223 0.00000 3604.77152 0.00000 132293.74937 0.00000
0.96290 5742.11379 0.00000 3559.03073 0.00000 131560.85809 0.00000
0.96447 5688.82941 0.00000 3513.38958 0.00000 130816.74664 0.00000
0.96604 5635.61515 0.00000 3467.85521 0.00000 130061.61348 0.00000
0.96761 5582.47699 0.00000 3422.43453 0.00000 129295.64408 0.00000
0.96918 5529.42084 0.00000 3377.13425 0.00000 128519.01226 0.00000
0.97075 5476.45766 0.00000 3331.95651 0.00000 127732.00096 0.00000
0.97232 5423.59329 0.00000 3286.90753 0.00000 126934.76012 0.00000
0.97389 5370.83353 0.00000 3241.99332 0.00000 126127.43198 0.00000
0.97546 5318.18409 0.00000 3197.21973 0.00000 125310.15220 0.00000
0.97704 5265.65062 0.00000 3152.59248 0.00000 124483.05104 0.00000
0.97861 5213.23870 0.00000 3108.11712 0.00000 123646.25440 0.00000
0.98018 5160.95385 0.00000 3063.79908 0.00000 122799.88486 0.00000
0.98175 5108.80153 0.00000 3019.64366 0.00000 121944.06264 0.00000
0.98332 5056.78714 0.00000 2975.65607 0.00000 121078.90650 0.00000
0.98489 5004.91601 0.00000 2931.84140 0.00000 120204.53466 0.00000
0.98646 4953.19342 0.00000 2888.20464 0.00000 119321.06554 0.00000
0.98803 4901.62462 0.00000 2844.75073 0.00000 118428.61891 0.00000
0.98960 4850.21479 0.00000 2801.48452 0.00000 117527.31662 0.00000
0.99117 4798.96910 0.00000 2758.41078 0.00000 116617.28325 0.00000
0.99274 4747.89266 0.00000 2715.53426 0.00000 115698.64671 0.00000
0.99431 4696.99054 0.00000 2672.85963 0.00000 114771.53871 0.00000
0.99588 4646.26781 0.00000 2630.39153 0.00000 113836.09525 0.00000
0.99746 4595.72947 0.00000 2588.13457 0.00000 112892.45700 0.00000
0.99903 4545.38051 0.00000 2546.09331 0.00000 111940.76965 0.00000
1.00060 4495.22589 0.00000 2504.27231 0.00000 110981.18422 0.00000
1.00217 4445.27052 0.00000 2462.67608 0.00000 110013.85727 0.00000
1.00374 4395.51932 0.00000 2421.30914 0.00000 109038.95110 0.00000
1.00531 4345.97715 0.00000 2380.17598 0.00000 108056.63392 0.00000
1.00688 4296.64887 0.00000 2339.28109 0.00000 107067.07987 0.00000
1.00845 4247.53864 0.00000 2298.62986 0.00000 106070.64207 0.00000
1.01002 4198.65063 0.00000 2258.22764 0.00000 105067.65717 0.00000
1.01159 4149.98901 0.00000 2218.07977 0.00000 104058.44655 0.00000
1.01316 4101.55797 0.00000 2178.19153 0.00000 103043.31754 0.00000
1.01473 4053.36170 0.00000 2138.56820 0.00000 102022.56456 0.00000
1.01631 4005.40442 0.00000 2099.21502 0.00000 100996.47022 0.00000
1.01788 3957.69037 0.00000 2060.13720 0.00000 99965.30644 0.00000
1.01945 3910.22381 0.00000 2021.33994 0.00000 98929.33541 0.00000
1.02102 3863.00090 0.00000 1982.82219 0.00000 97888.75232 0.00000
1.02259 3816.02576 0.00000 1944.58894 0.00000 96843.79903 0.00000
1.02416 3769.30253 0.00000 1906.64511 0.00000 95794.71051 0.00000
1.02573 3722.83538 0.00000 1868.99564 0.00000 94741.71565 0.00000
1.02730 3676.62853 0.00000 1831.64539 0.00000 93685.03808 0.00000
1.02887 3630.68620 0.00000 1794.59922 0.00000 92624.89692 0.00000
1.03044 3585.01269 0.00000 1757.86196 0.00000 91561.50745 0.00000
1.03201 3539.61227 0.00000 1721.43838 0.00000 90495.08182 0.00000
1.03358 3494.48927 0.00000 1685.33326 0.00000 89425.82958 0.00000
1.03515 3449.64805 0.00000 1649.55132 0.00000 88353.95826 0.00000
1.03673 3405.09295 0.00000 1614.09727 0.00000 87279.67390 0.00000
1.03830 3360.82836 0.00000 1578.97577 0.00000 86203.18167 0.00000
1.03987 3316.85867 0.00000 1544.19146 0.00000 85124.68639 0.00000
1.04144 3273.18828 0.00000 1509.74897 0.00000 84044.39283 0.00000
1.04301 3229.82158 0.00000 1475.65287 0.00000 82962.50602 0.00000
1.04458 3186.76298 0.00000 1441.90773 0.00000 81879.23144 0.00000
1.04615 3144.01685 0.00000 1408.51809 0.00000 80794.77525 0.00000
1.04772 3101.58753 0.00000 1375.48847 0.00000 79709.34440 0.00000
1.04929 3059.47945 0.00000 1342.82339 0.00000 78623.14843 0.00000
1.05086 3017.69799 0.00000 1310.52758 0.00000 77536.42017 0.00000
1.05243 2976.24886 0.00000 1278.60584 0.00000 76449.39974 0.00000
1.05400 2935.13765 0.00000 1247.06294 0.00000 75362.32723 0.00000
1.05558 2894.36985 0.00000 1215.90365 0.00000 74275.44236 0.00000
1.05715 2853.95082 0.00000 1185.13276 0.00000 73188.98406 0.00000
1.05872 2813.88471 0.00000 1154.75280 0.00000 72103.33969 0.00000
1.06029 2774.17552 0.00000 1124.76645 0.00000 71018.87985 0.00000
1.06186 2734.82713 0.00000 1095.17652 0.00000 69935.95871 0.00000
1.06343 2695.84323 0.00000 1065.98599 0.00000 68854.91420 0.00000
1.06500 2657.22736 0.00000 1037.19797 0.00000 67776.06841 0.00000
1.06657 2618.98287 0.00000 1008.81574 0.00000 66699.72786 0.00000
1.06814 2581.11291 0.00000 980.84273 0.00000 65626.18391 0.00000
1.06971 2543.62044 0.00000 953.28256 0.00000 64555.71315 0.00000
1.07128 2506.44939 0.00000 926.13789 0.00000 63488.37856 0.00000
1.07285 2469.60108 0.00000 899.41208 0.00000 62424.43678 0.00000
1.07442 2433.07665 0.00000 873.10864 0.00000 61364.13113 0.00000
1.07600 2396.87703 0.00000 847.23124 0.00000 60307.69214 0.00000
1.07757 2361.00297 0.00000 821.78371 0.00000 59255.33811 0.00000
1.07914 2325.45503 0.00000 796.77006 0.00000 58207.27565 0.00000
1.08071 2290.23359 0.00000 772.19451 0.00000 57163.70033 0.00000
1.08228 2255.33882 0.00000 748.06151 0.00000 56124.79724 0.00000
1.08385 2220.77073 0.00000 724.37573 0.00000 55090.74165 0.00000
1.08542 2186.52916 0.00000 701.14215 0.00000 54061.69963 0.00000
1.08699 2152.61379 0.00000 678.36599 0.00000 53037.82872 0.00000
1.08856 2119.02412 0.00000 656.05285 0.00000 52019.27852 0.00000
1.09013 2085.75953 0.00000 634.20866 0.00000 51006.19138 0.00000
1.09170 2052.81926 0.00000 612.83975 0.00000 49998.70304 0.00000
1.09327 2020.20243 0.00000 591.95286 0.00000 48996.94320 0.00000
1.09485 1987.90804 0.00000 571.55524 0.00000 48001.03616 0.00000
1.09642 1955.93500 0.00000 551.65462 0.00000 47011.10142 0.00000
1.09799 1924.28215 0.00000 532.25927 0.00000 46027.25421 0.00000
1.09956 1892.94823 0.00000 513.37810 0.00000 45049.60604 0.00000
1.10113 1861.93194 0.00000 495.02061 0.00000 44078.26522 0.00000
1.10270 1831.23194 0.00000 477.19699 0.00000 43113.33733 0.00000
1.10427 1800.84684 0.00000 459.91814 0.00000 42154.92564 0.00000
1.10584 1770.77523 0.00000 443.19569 0.00000 41203.13154 0.00000
1.10741 1741.01573 0.00000 427.04203 0.00000 40258.05491 0.00000
1.10898 1711.56607 0.00000 411.46515 0.00000 39319.86889 0.00000
1.11055 1682.42420 0.00000 396.47367 0.00000 38388.73987 0.00000
1.11212 1653.58821 0.00000 382.07671 0.00000 37464.82788 0.00000
1.11369 1625.05639 0.00000 368.28387 0.00000 36548.28697 0.00000
1.11527 1596.82723 0.00000 355.10511 0.00000 35639.26563 0.00000
1.11684 1568.89945 0.00000 342.55056 0.00000 34737.90707 0.00000
1.11841 1541.27200 0.00000 330.63042 0.00000 33844.34959 0.00000
1.11998 1513.94407 0.00000 319.35463 0.00000 32958.72687 0.00000
1.12155 1486.67340 0.00000 308.78057 0.00000 32081.72698 0.00000
1.12312 1459.45415 0.00000 298.90169 0.00000 31213.55602 0.00000
1.12469 1432.28062 0.00000 289.70840 0.00000 30354.41784 0.00000
1.12626 1405.14719 0.00000 281.18776 0.00000 29504.51437 0.00000
1.12783 1378.04834 0.00000 273.32321 0.00000 28664.04599 0.00000
1.12940 1350.97863 0.00000 266.09442 0.00000 27833.21186 0.00000
1.13097 1323.93264 0.00000 259.47717 0.00000 27012.21029 0.00000
1.13254 1296.90501 0.00000 253.44339 0.00000 26201.23911 0.00000
1.13411 1269.89036 0.00000 247.96129 0.00000 25400.49602 0.00000
1.13569 1242.88328 0.00000 242.99567 0.00000 24610.17898 0.00000
1.13726 1215.87828 0.00000 238.50822 0.00000 23830.48666 0.00000
1.13883 1188.86976 0.00000 234.45806 0.00000 23061.61885 0.00000
1.14040 1161.85196 0.00000 230.80222 0.00000 22303.77699 0.00000
1.14197 1134.81887 0.00000 227.49625 0.00000 21557.16466 0.00000
1.14354 1107.76420 0.00000 224.49477 0.00000 20821.98826 0.00000
1.14511 1080.68130 0.00000 221.75210 0.00000 20098.45765 0.00000
1.14668 1053.56303 0.00000 219.22274 0.00000 19386.78694 0.00000
1.14825 1026.40172 0.00000 216.86183 0.00000 18687.19534 0.00000
1.14982 999.18900 0.00000 214.62562 0.00000 17999.90822 0.00000
1.15139 971.91566 0.00000 212.47169 0.00000 17325.15823 0.00000
1.15296 944.57153 0.00000 210.35926 0.00000 16663.18663 0.00000
1.15454 917.14522 0.00000 208.24928 0.00000 16014.24479 0.00000
1.15611 889.62396 0.00000 206.10452 0.00000 15378.59595 0.00000
1.15768 861.99324 0.00000 203.88957 0.00000 14756.51716 0.00000
1.15925 834.23403 0.00000 201.57524 0.00000 14148.20513 0.00000
1.16082 806.32511 0.00000 199.13346 0.00000 13553.86545 0.00000
1.16239 778.24260 0.00000 196.53715 0.00000 12973.71403 0.00000
1.16396 749.95930 0.00000 193.76003 0.00000 12407.97877 0.00000
1.16553 721.44387 0.00000 190.77643 0.00000 11856.90141 0.00000
1.16710 692.65987 0.00000 187.56093 0.00000 11320.73966 0.00000
1.16867 663.56434 0.00000 184.08809 0.00000 10799.76956 0.00000
1.17024 634.10611 0.00000 180.33198 0.00000 10294.28806 0.00000
1.17181 605.74419 0.00000 177.65253 0.00000 9806.38685 0.00000
1.17338 578.47217 0.00000 175.90802 0.00000 9335.88245 0.00000
1.17496 552.28141 0.00000 174.94821 0.00000 8882.58801 0.00000
1.17653 527.16086 0.00000 174.62117 0.00000 8446.31283 0.00000
1.17810 503.09694 0.00000 174.77927 0.00000 8026.86164 0.00000
1.17967 480.07337 0.00000 175.28371 0.00000 7624.03397 0.00000
1.18124 458.07102 0.00000 176.00758 0.00000 7237.62324 0.00000
1.18281 437.06782 0.00000 176.83749 0.00000 6867.41587 0.00000
1.18438 417.03860 0.00000 177.67402 0.00000 6513.19012 0.00000
1.18595 397.95505 0.00000 178.43141 0.00000 6174.71485 0.00000
1.18752 379.78563 0.00000 179.03670 0.00000 5851.74799 0.00000
1.18909 362.49561 0.00000 179.42854 0.00000 5544.03485 0.00000
1.19066 346.04706 0.00000 179.55594 0.00000 5251.30619 0.00000
1.19223 330.39896 0.00000 179.37694 0.00000 4973.27596 0.00000
1.19381 315.50733 0.00000 178.85743 0.00000 4709.63891 0.00000
1.19538 301.32542 0.00000 177.96995 0.00000 4460.06780 0.00000
1.19695 287.80394 0.00000 176.69267 0.00000 4224.21051 0.00000
1.19852 274.89137 0.00000 175.00841 0.00000 4001.68699 0.00000
1.20009 262.53420 0.00000 172.90377 0.00000 3792.08603 0.00000
1.20166 250.67729 0.00000 170.36833 0.00000 3594.96215 0.00000
1.20323 239.26411 0.00000 167.39387 0.00000 3409.83269 0.00000
1.20480 228.23705 0.00000 163.97360 0.00000 3236.17513 0.00000
1.20637 217.53752 0.00000 160.10141 0.00000 3073.42503 0.00000
1.20794 207.10604 0.00000 155.77097 0.00000 2920.97461 0.00000
1.20951 196.86919 0.00000 150.98349 0.00000 2778.16085 0.00000
1.21108 186.75125 0.00000 145.73763 0.00000 2644.28472 0.00000
1.21265 176.67311 0.00000 140.02848 0.00000 2518.61293 0.00000
1.21423 166.55054 0.00000 133.84599 0.00000 2400.38054 0.00000
1.21580 156.29126 0.00000 127.17282 0.00000 2288.79391 0.00000
1.21737 145.79023 0.00000 119.98119 0.00000 2183.03375 0.00000
1.21894 134.92190 0.00000 112.22782 0.00000 2082.25772 0.00000
1.22051 123.52679 0.00000 103.84572 0.00000 1985.60192 0.00000
1.22208 112.81210 0.00000 95.93234 0.00000 1891.16616 0.00000
1.22365 102.75732 0.00000 88.47440 0.00000 1798.99002 0.00000
1.22522 93.34147 0.00000 81.45824 0.00000 1709.11359 0.00000
1.22679 84.54315 0.00000 74.86985 0.00000 1621.57667 0.00000
1.22836 76.34057 0.00000 68.69487 0.00000 1536.41801 0.00000
1.22993 68.71164 0.00000 62.91869 0.00000 1453.67453 0.00000
1.23150 61.63404 0.00000 57.52640 0.00000 1373.38074 0.00000
1.23308 55.08524 0.00000 52.50293 0.00000 1295.56808 0.00000
1.23465 49.04260 0.00000 47.83299 0.00000 1220.26439 0.00000
1.23622 43.48342 0.00000 43.50119 0.00000 1147.49342 0.00000
1.23779 38.38504 0.00000 39.49203 0.00000 1077.27439 0.00000
1.23936 33.72488 0.00000 35.78997 0.00000 1009.62161 0.00000
1.24093 29.48054 0.00000 32.37945 0.00000 944.54413 0.00000
1.24250 25.62990 0.00000 29.24493 0.00000 882.04547 0.00000
1.24407 22.15118 0.00000 26.37095 0.00000 822.12337 0.00000
1.24564 19.02306 0.00000 23.74216 0.00000 764.76960 0.00000
1.24721 16.22480 0.00000 21.34336 0.00000 709.96982 0.00000
1.24878 13.73637 0.00000 19.15953 0.00000 657.70343 0.00000
1.25035 11.53861 0.00000 17.17591 0.00000 607.94353 0.00000
1.25192 9.61343 0.00000 15.37800 0.00000 560.65688 0.00000
1.25350 7.94408 0.00000 13.75161 0.00000 515.80381 0.00000
1.25507 6.51536 0.00000 12.28295 0.00000 473.33830 0.00000
1.25664 5.31388 0.00000 10.95862 0.00000 433.20790 0.00000
1.25821 4.32804 0.00000 9.76570 0.00000 395.35378 0.00000
1.25978 3.54726 0.00000 8.69157 0.00000 359.71233 0.00000
1.26135 2.95939 0.00000 7.72419 0.00000 326.21305 0.00000
1.26292 2.54601 0.00000 6.85210 0.00000 294.77840 0.00000
1.26449 2.27769 0.00000 6.06448 0.00000 265.32366 0.00000
1.26606 2.11432 0.00000 5.35111 0.00000 237.75638 0.00000
1.26763 2.01273 0.00000 4.70239 0.00000 211.97553 0.00000
1.26920 1.93581 0.00000 4.10919 0.00000 187.86993 0.00000
1.27077 1.85672 0.00000 3.56278 0.00000 165.31560 0.00000
1.27235 1.77509 0.00000 3.07899 0.00000 145.21500 0.00000
1.27392 1.68907 0.00000 2.65211 0.00000 127.33297 0.00000
1.27549 1.59819 0.00000 2.27674 0.00000 111.45162 0.00000
1.27706 1.50293 0.00000 1.94785 0.00000 97.37003 0.00000
1.27863 1.40426 0.00000 1.66073 0.00000 84.90374 0.00000
1.28020 1.30345 0.00000 1.41100 0.00000 73.88420 0.00000
1.28177 1.20186 0.00000 1.19461 0.00000 64.15804 0.00000
1.28334 1.10084 0.00000 1.00783 0.00000 55.58626 0.00000
1.28491 1.00162 0.00000 0.84723 0.00000 48.04338 0.00000
1.28648 0.90532 0.00000 0.70969 0.00000 41.41644 0.00000
1.28805 0.81287 0.00000 0.59236 0.00000 35.60410 0.00000
1.28962 0.72504 0.00000 0.49266 0.00000 30.51559 0.00000
1.29119 0.64242 0.00000 0.40829 0.00000 26.06972 0.00000
1.29277 0.56543 0.00000 0.33716 0.00000 22.19399 0.00000
1.29434 0.49433 0.00000 0.27744 0.00000 18.82362 0.00000
1.29591 0.42924 0.00000 0.22748 0.00000 15.90075 0.00000
1.29748 0.37016 0.00000 0.18585 0.00000 13.37362 0.00000
1.29905 0.31697 0.00000 0.15128 0.00000 11.19593 0.00000
1.30062 0.26949 0.00000 0.12269 0.00000 9.32617 0.00000
1.30219 0.22742 0.00000 0.09911 0.00000 7.72709 0.00000
1.30376 0.19046 0.00000 0.07973 0.00000 6.36523 0.00000
1.30533 0.15822 0.00000 0.06386 0.00000 5.21052 0.00000
1.30690 0.13031 0.00000 0.05090 0.00000 4.23588 0.00000
1.30847 0.10632 0.00000 0.04034 0.00000 3.41694 0.00000
1.31004 0.08586 0.00000 0.03176 0.00000 2.73192 0.00000
1.31161 0.06850 0.00000 0.02478 0.00000 2.16100 0.00000
1.31319 0.05383 0.00000 0.01912 0.00000 1.68619 0.00000
1.31476 0.04144 0.00000 0.01449 0.00000 1.29090 0.00000
1.31633 0.03093 0.00000 0.01068 0.00000 0.95930 0.00000
1.31790 0.02181 0.00000 0.00746 0.00000 0.67464 0.00000
1.31947 0.01337 0.00000 0.00454 0.00000 0.41299 0.00000
1.32104 0.00000 0.00000 0.00000 0.00000 0.00000 0.00000
1.32261 0.00000 0.00000 0.00000 0.00000 0.00000 0.00000
1.32418 0.00000 0.00000 0.00000 0.00000 0.00000 0.00000
1.32575 0.00000 0.00000 0.00000 0.00000 0.00000 0.00000
1.32732 0.00000 0.00000 0.00000 0.00000 0.00000 0.00000
1.32889 0.00000 0.00000 0.00000 0.00000 0.00000 0.00000
1.33046 0.00000 0.00000 0.00000 0.00000 0.00000 0.00000
1.33204 0.00000 0.00000 0.00000 0.00000 0.00000 0.00000
1.33361 0.00000 0.00000 0.00000 0.00000 0.00000 0.00000
1.33518 0.00000 0.00000 0.00000 0.00000 0.00000 0.00000
1.33675 0.00000 0.00000 0.00000 0.00000 0.00000 0.00000
1.33832 0.00000 0.00000 0.00000 0.00000 0.00000 0.00000
1.33989 0.00000 0.00000 0.00000 0.00000 0.00000 0.00000
1.34146 0.00000 0.00000 0.00000 0.00000 0.00000 0.00000
1.34303 0.00000 0.00000 0.00000 0.00000 0.00000 0.00000
1.34460 0.00000 0.00000 0.00000 0.00000 0.00000 0.00000
1.34617 0.00000 0.00000 0.00000 0.00000 0.00000 0.00000
1.34774 0.00000 0.00000 0.00000 0.00000 0.00000 0.00000
1.34931 0.00000 0.00000 0.00000 0.00000 0.00000 0.00000
1.35088 0.00000 0.00000 0.00000 0.00000 0.00000 0.00000
1.35246 0.00000 0.00000 0.00000 0.00000 0.00000 0.00000
1.35403 0.00000 0.00000 0.00000 0.00000 0.00000 0.00000
1.35560 0.00000 0.00000 0.00000 0.00000 0.00000 0.00000
1.35717 0.00000 0.00000 0.00000 0.00000 0.00000 0.00000
1.35874 0.00000 0.00000 0.00000 0.00000 0.00000 0.00000
1.36031 0.00000 0.00000 0.00000 0.00000 0.00000 0.00000
1.36188 0.00000 0.00000 0.00000 0.00000 0.00000 0.00000
1.36345 0.00000 0.00000 0.00000 0.00000 0.00000 0.00000
1.36502 0.00000 0.00000 0.00000 0.00000 0.00000 0.00000
1.36659 0.00000 0.00000 0.00000 0.00000 0.00000 0.00000
1.36816 0.00000 0.00000 0.00000 0.00000 0.00000 0.00000
1.36973 0.00000 0.00000 0.00000 0.00000 0.00000 0.00000
1.37131 0.00000 0.00000 0.00000 0.00000 0.00000 0.00000
1.37288 0.00000 0.00000 0.00000 0.00000 0.00000 0.00000
1.37445 0.00000 0.00000 0.00000 0.00000 0.00000 0.00000
1.37602 0.00000 0.00000 0.00000 0.00000 0.00000 0.00000
1.37759 0.00000 0.00000 0.00000 0.00000 0.00000 0.00000
1.37916 0.00000 0.00000 0.00000 0.00000 0.00000 0.00000
1.38073 0.00000 0.00000 0.00000 0.00000 0.00000 0.00000
1.38230 0.00000 0.00000 0.00000 0.00000 0.00000 0.00000
1.38387 0.00000 0.00000 0.00000 0.00000 0.00000 0.00000
1.38544 0.00000 0.00000 0.00000 0.00000 0.00000 0.00000
1.38701 0.00000 0.00000 0.00000 0.00000 0.00000 0.00000
1.38858 0.00000 0.00000 0.00000 0.00000 0.00000 0.00000
1.39015 0.00000 0.00000 0.00000 0.00000 0.00000 0.00000
1.39173 0.00000 0.00000 0.00000 0.00000 0.00000 0.00000
1.39330 0.00000 0.00000 0.00000 0.00000 0.00000 0.00000
1.39487 0.00000 0.00000 0.00000 0.00000 0.00000 0.00000
1.39644 0.00000 0.00000 0.00000 0.00000 0.00000 0.00000
1.39801 0.00000 0.00000 0.00000 0.00000 0.00000 0.00000
1.39958 0.00000 0.00000 0.00000 0.00000 0.00000 0.00000
1.40115 0.00000 0.00000 0.00000 0.00000 0.00000 0.00000
1.40272 0.00000 0.00000 0.00000 0.00000 0.00000 0.00000
1.40429 0.00000 0.00000 0.00000 0.00000 0.00000 0.00000
1.40586 0.00000 0.00000 0.00000 0.00000 0.00000 0.00000
1.40743 0.00000 0.00000 0.00000 0.00000 0.00000 0.00000
1.40900 0.00000 0.00000 0.00000 0.00000 0.00000 0.00000
1.41058 0.00000 0.00000 0.00000 0.00000 0.00000 0.00000
1.41215 0.00000 0.00000 0.00000 0.00000 0.00000 0.00000
1.41372 0.00000 0.00000 0.00000 0.00000 0.00000 0.00000
1.41529 0.00000 0.00000 0.00000 0.00000 0.00000 0.00000
1.41686 0.00000 0.00000 0.00000 0.00000 0.00000 0.00000
1.41843 0.00000 0.00000 0.00000 0.00000 0.00000 0.00000
1.42000 0.00000 0.00000 0.00000 0.00000 0.00000 0.00000
1.42157 0.00000 0.00000 0.00000 0.00000 0.00000 0.00000
1.42314 0.00000 0.00000 0.00000 0.00000 0.00000 0.00000
1.42471 0.00000 0.00000 0.00000 0.00000 0.00000 0.00000
1.42628 0.00000 0.00000 0.00000 0.00000 0.00000 0.00000
1.42785 0.00000 0.00000 0.00000 0.00000 0.00000 0.00000
1.42942 0.00000 0.00000 0.00000 0.00000 0.00000 0.00000
1.43100 0.00000 0.00000 0.00000 0.00000 0.00000 0.00000
1.43257 0.00000 0.00000 0.00000 0.00000 0.00000 0.00000
1.43414 0.00000 0.00000 0.00000 0.00000 0.00000 0.00000
1.43571 0.00000 0.00000 0.00000 0.00000 0.00000 0.00000
1.43728 0.00000 0.00000 0.00000 0.00000 0.00000 0.00000
1.43885 0.00000 0.00000 0.00000 0.00000 0.00000 0.00000
1.44042 0.00000 0.00000 0.00000 0.00000 0.00000 0.00000
1.44199 0.00000 0.00000 0.00000 0.00000 0.00000 0.00000
1.44356 0.00000 0.00000 0.00000 0.00000 0.00000 0.00000
1.44513 0.00000 0.00000 0.00000 0.00000 0.00000 0.00000
1.44670 0.00000 0.00000 0.00000 0.00000 0.00000 0.00000
1.44827 0.00000 0.00000 0.00000 0.00000 0.00000 0.00000
1.44985 0.00000 0.00000 0.00000 0.00000 0.00000 0.00000
1.45142 0.00000 0.00000 0.00000 0.00000 0.00000 0.00000
1.45299 0.00000 0.00000 0.00000 0.00000 0.00000 0.00000
1.45456 0.00000 0.00000 0.00000 0.00000 0.00000 0.00000
1.45613 0.00000 0.00000 0.00000 0.00000 0.00000 0.00000
1.45770 0.00000 0.00000 0.00000 0.00000 0.00000 0.00000
1.45927 0.00000 0.00000 0.00000 0.00000 0.00000 0.00000
1.46084 0.00000 0.00000 0.00000 0.00000 0.00000 0.00000
1.46241 0.00000 0.00000 0.00000 0.00000 0.00000 0.00000
1.46398 0.00000 0.00000 0.00000 0.00000 0.00000 0.00000
1.46555 0.00000 0.00000 0.00000 0.00000 0.00000 0.00000
1.46712 0.00000 0.00000 0.00000 0.00000 0.00000 0.00000
1.46869 0.00000 0.00000 0.00000 0.00000 0.00000 0.00000
1.47027 0.00000 0.00000 0.00000 0.00000 0.00000 0.00000
1.47184 0.00000 0.00000 0.00000 0.00000 0.00000 0.00000
1.47341 0.00000 0.00000 0.00000 0.00000 0.00000 0.00000
1.47498 0.00000 0.00000 0.00000 0.00000 0.00000 0.00000
1.47655 0.00000 0.00000 0.00000 0.00000 0.00000 0.00000
1.47812 0.00000 0.00000 0.00000 0.00000 0.00000 0.00000
1.47969 0.00000 0.00000 0.00000 0.00000 0.00000 0.00000
1.48126 0.00000 0.00000 0.00000 0.00000 0.00000 0.00000
1.48283 0.00000 0.00000 0.00000 0.00000 0.00000 0.00000
1.48440 0.00000 0.00000 0.00000 0.00000 0.00000 0.00000
1.48597 0.00000 0.00000 0.00000 0.00000 0.00000 0.00000
1.48754 0.00000 0.00000 0.00000 0.00000 0.00000 0.00000
1.48911 0.00000 0.00000 0.00000 0.00000 0.00000 0.00000
1.49069 0.00000 0.00000 0.00000 0.00000 0.00000 0.00000
1.49226 0.00000 0.00000 0.00000 0.00000 0.00000 0.00000
1.49383 0.00000 0.00000 0.00000 0.00000 0.00000 0.00000
1.49540 0.00000 0.00000 0.00000 0.00000 0.00000 0.00000
1.49697 0.00000 0.00000 0.00000 0.00000 0.00000 0.00000
1.49854 0.00000 0.00000 0.00000 0.00000 0.00000 0.00000
1.50011 0.00000 0.00000 0.00000 0.00000 0.00000 0.00000
1.50168 0.00000 0.00000 0.00000 0.00000 0.00000 0.00000
1.50325 0.00000 0.00000 0.00000 0.00000 0.00000 0.00000
1.50482 0.00000 0.00000 0.00000 0.00000 0.00000 0.00000
1.50639 0.00000 0.00000 0.00000 0.00000 0.00000 0.00000
1.50796 0.00000 0.00000 0.00000 0.00000 0.00000 0.00000
1.50954 0.00000 0.00000 0.00000 0.00000 0.00000 0.00000
1.51111 0.00000 0.00000 0.00000 0.00000 0.00000 0.00000
1.51268 0.00000 0.00000 0.00000 0.00000 0.00000 0.00000
1.51425 0.00000 0.00000 0.00000 0.00000 0.00000 0.00000
1.51582 0.00000 0.00000 0.00000 0.00000 0.00000 0.00000
1.51739 0.00000 0.00000 0.00000 0.00000 0.00000 0.00000
1.51896 0.00000 0.00000 0.00000 0.00000 0.00000 0.00000
1.52053 0.00000 0.00000 0.00000 0.00000 0.00000 0.00000
1.52210 0.00000 0.00000 0.00000 0.00000 0.00000 0.00000
1.52367 0.00000 0.00000 0.00000 0.00000 0.00000 0.00000
1.52524 0.00000 0.00000 0.00000 0.00000 0.00000 0.00000
1.52681 0.00000 0.00000 0.00000 0.00000 0.00000 0.00000
1.52838 0.00000 0.00000 0.00000 0.00000 0.00000 0.00000
1.52996 0.00000 0.00000 0.00000 0.00000 0.00000 0.00000
1.53153 0.00000 0.00000 0.00000 0.00000 0.00000 0.00000
1.53310 0.00000 0.00000 0.00000 0.00000 0.00000 0.00000
1.53467 0.00000 0.00000 0.00000 0.00000 0.00000 0.00000
1.53624 0.00000 0.00000 0.00000 0.00000 0.00000 0.00000
1.53781 0.00000 0.00000 0.00000 0.00000 0.00000 0.00000
1.53938 0.00000 0.00000 0.00000 0.00000 0.00000 0.00000
1.54095 0.00000 0.00000 0.00000 0.00000 0.00000 0.00000
1.54252 0.00000 0.00000 0.00000 0.00000 0.00000 0.00000
1.54409 0.00000 0.00000 0.00000 0.00000 0.00000 0.00000
1.54566 0.00000 0.00000 0.00000 0.00000 0.00000 0.00000
1.54723 0.00000 0.00000 0.00000 0.00000 0.00000 0.00000
1.54881 0.00000 0.00000 0.00000 0.00000 0.00000 0.00000
1.55038 0.00000 0.00000 0.00000 0.00000 0.00000 0.00000
1.55195 0.00000 0.00000 0.00000 0.00000 0.00000 0.00000
1.55352 0.00000 0.00000 0.00000 0.00000 0.00000 0.00000
1.55509 0.00000 0.00000 0.00000 0.00000 0.00000 0.00000
1.55666 0.00000 0.00000 0.00000 0.00000 0.00000 0.00000
1.55823 0.00000 0.00000 0.00000 0.00000 0.00000 0.00000
1.55980 0.00000 0.00000 0.00000 0.00000 0.00000 0.00000
1.56137 0.00000 0.00000 0.00000 0.00000 0.00000 0.00000
1.56294 0.00000 0.00000 0.00000 0.00000 0.00000 0.00000
1.56451 0.00000 0.00000 0.00000 0.00000 0.00000 0.00000
1.56608 0.00000 0.00000 0.00000 0.00000 0.00000 0.00000
1.56765 0.00000 0.00000 0.00000 0.00000 0.00000 0.00000
1.56923 0.00000 0.00000 0.00000 0.00000 0.00000 0.00000
1.57080 0.00000 0.00000 0.00000 0.00000 0.00000 0.00000
