 2.5000e+01  0.0000e+00 1  1.0137e+00 -1.2741e+00  2.9638e-01 -9.6936e-01
 2.0833e+01  0.0000e+00 1  9.8068e-01 -1.5231e+00  4.6769e-02 -9.7957e-01
 1.7857e+01  0.0000e+00 1  8.5981e-01 -1.5385e+00  2.7797e-02 -8.5936e-01
 1.5625e+01  0.0000e+00 1  7.9073e-01 -1.5525e+00  1.4460e-02 -7.9060e-01
 1.3889e+01  0.0000e+00 1  7.2032e-01 -1.5589e+00  8.5679e-03 -7.2027e-01
 1.2500e+01  0.0000e+00 1  6.5064e-01 -1.5622e+00  5.5806e-03 -6.5062e-01
 1.1364e+01  0.0000e+00 1  5.7515e-01 -1.5666e+00  2.4065e-03 -5.7514e-01
 1.0417e+01  0.0000e+00 1  4.9046e-01 -1.5793e+00 -4.1847e-03 -4.9044e-01
 9.6154e+00  0.0000e+00 1  3.9723e-01 -1.6170e+00 -1.8357e-02 -3.9681e-01
 8.9286e+00  0.0000e+00 1  3.0242e-01 -1.7136e+00 -4.3048e-02 -2.9934e-01
 8.3333e+00  0.0000e+00 1  2.2095e-01 -1.9246e+00 -7.6551e-02 -2.0726e-01
 7.8125e+00  0.0000e+00 1  1.7149e-01 -2.2938e+00 -1.1346e-01 -1.2858e-01
 7.3529e+00  0.0000e+00 1  1.6360e-01 -2.7295e+00 -1.4990e-01 -6.5534e-02
 6.9444e+00  0.0000e+00 1  1.8299e-01 -3.0381e+00 -1.8201e-01 -1.8905e-02
 6.5789e+00  0.0000e+00 1  2.0634e-01  3.0855e+00 -2.0601e-01  1.1565e-02
 6.2500e+00  0.0000e+00 1  2.2010e-01  3.0163e+00 -2.1837e-01  2.7502e-02
 5.9524e+00  0.0000e+00 1  2.1981e-01  2.9960e+00 -2.1748e-01  3.1887e-02
 5.6818e+00  0.0000e+00 1  2.0658e-01  3.0050e+00 -2.0466e-01  2.8128e-02
 5.4348e+00  0.0000e+00 1  1.8251e-01  3.0303e+00 -1.8138e-01  2.0266e-02
 5.2083e+00  0.0000e+00 1  1.5083e-01  3.0629e+00 -1.5036e-01  1.1857e-02
 5.0000e+00  0.0000e+00 1  1.1523e-01  3.0947e+00 -1.1510e-01  5.4043e-03
 4.8077e+00  0.0000e+00 1  7.9287e-02  3.1150e+00 -7.9259e-02  2.1060e-03
 4.6296e+00  0.0000e+00 1  4.6111e-02  3.0992e+00 -4.6070e-02  1.9533e-03
 4.4643e+00  0.0000e+00 1  1.8351e-02  2.9178e+00 -1.7893e-02  4.0732e-03
 4.3103e+00  0.0000e+00 1  8.2099e-03  1.0644e+00  3.9817e-03  7.1797e-03
 4.1667e+00  0.0000e+00 1  2.1611e-02  4.8249e-01  1.9144e-02  1.0027e-02
 4.0323e+00  0.0000e+00 1  3.0268e-02  3.9508e-01  2.7936e-02  1.1649e-02
 3.9062e+00  0.0000e+00 1  0.0000e+00  0.0000e+00  0.0000e+00  0.0000e+00
 3.7879e+00  0.0000e+00 1  0.0000e+00  0.0000e+00  0.0000e+00  0.0000e+00
 3.6765e+00  0.0000e+00 1  0.0000e+00  0.0000e+00  0.0000e+00  0.0000e+00
 3.5714e+00  0.0000e+00 1  0.0000e+00  0.0000e+00  0.0000e+00  0.0000e+00
 3.4722e+00  0.0000e+00 1  0.0000e+00  0.0000e+00  0.0000e+00  0.0000e+00
 3.3784e+00  0.0000e+00 1  0.0000e+00  0.0000e+00  0.0000e+00  0.0000e+00
 3.2895e+00  0.0000e+00 1  0.0000e+00  0.0000e+00  0.0000e+00  0.0000e+00
 3.2051e+00  0.0000e+00 1  0.0000e+00  0.0000e+00  0.0000e+00  0.0000e+00
 3.1250e+00  0.0000e+00 1  0.0000e+00  0.0000e+00  0.0000e+00  0.0000e+00
 3.0488e+00  0.0000e+00 1  0.0000e+00  0.0000e+00  0.0000e+00  0.0000e+00
 2.9762e+00  0.0000e+00 1  0.0000e+00  0.0000e+00  0.0000e+00  0.0000e+00
 2.9070e+00  0.0000e+00 1  0.0000e+00  0.0000e+00  0.0000e+00  0.0000e+00
 2.8409e+00  0.0000e+00 1  0.0000e+00  0.0000e+00  0.0000e+00  0.0000e+00
 2.7778e+00  0.0000e+00 1  0.0000e+00  0.0000e+00  0.0000e+00  0.0000e+00
 2.7174e+00  0.0000e+00 1  0.0000e+00  0.0000e+00  0.0000e+00  0.0000e+00
 2.5000e+01  0.0000e+00 2  9.7713e-16  9.3920e-01  5.7693e-16  7.8863e-16
 2.0833e+01  0.0000e+00 2  1.7678e-16 -1.1725e+00  6.8568e-17 -1.6294e-16
 1.7857e+01  0.0000e+00 2  1.5295e-16 -2.7049e-01  1.4739e-16 -4.0869e-17
 1.5625e+01  0.0000e+00 2  3.8975e-16 -6.5225e-02  3.8892e-16 -2.5404e-17
 1.3889e+01  0.0000e+00 2  1.3341e-16 -2.6701e-01  1.2869e-16 -3.5201e-17
 1.2500e+01  0.0000e+00 2  1.4872e-16 -4.0249e-01  1.3683e-16 -5.8254e-17
 1.1364e+01  0.0000e+00 2  1.6039e-16 -4.1785e-01  1.4659e-16 -6.5084e-17
 1.0417e+01  0.0000e+00 2  1.3932e-16 -4.9288e-01  1.2274e-16 -6.5923e-17
 9.6154e+00  0.0000e+00 2  4.2904e-17 -6.5311e-01  3.4074e-17 -2.6071e-17
 8.9286e+00  0.0000e+00 2  6.5859e-17 -6.7598e-01  5.1377e-17 -4.1206e-17
 8.3333e+00  0.0000e+00 2  4.7669e-17 -8.8980e-01  3.0011e-17 -3.7037e-17
 7.8125e+00  0.0000e+00 2  3.3749e-17 -8.6856e-01  2.1799e-17 -2.5764e-17
 7.3529e+00  0.0000e+00 2  1.8729e-17 -7.4529e-01  1.3764e-17 -1.2702e-17
 6.9444e+00  0.0000e+00 2  3.2827e-17 -1.0354e+00  1.6748e-17 -2.8233e-17
 6.5789e+00  0.0000e+00 2  1.8694e-17 -1.0334e+00  9.5690e-18 -1.6060e-17
 6.2500e+00  0.0000e+00 2  7.1053e-18 -6.0002e-01  5.8642e-18 -4.0121e-18
 5.9524e+00  0.0000e+00 2  1.2264e-17  1.2737e+00  3.5902e-18  1.1727e-17
 5.6818e+00  0.0000e+00 2  8.4273e-18  1.1589e+00  3.3736e-18  7.7226e-18
 5.4348e+00  0.0000e+00 2  6.4128e-18  9.8207e-01  3.5610e-18  5.3331e-18
 5.2083e+00  0.0000e+00 2  4.8360e-18  1.0922e+00  2.2270e-18  4.2927e-18
 5.0000e+00  0.0000e+00 2  4.9364e-18  1.2176e+00  1.7076e-18  4.6316e-18
 4.8077e+00  0.0000e+00 2  3.3964e-18  1.2702e+00  1.0058e-18  3.2440e-18
 4.6296e+00  0.0000e+00 2  2.1962e-18  1.1593e+00  8.7849e-19  2.0128e-18
 4.4643e+00  0.0000e+00 2  1.1790e-18  8.1500e-01  8.0866e-19  8.5802e-19
 4.3103e+00  0.0000e+00 2  7.6098e-19  3.8044e-02  7.6043e-19  2.8943e-20
 4.1667e+00  0.0000e+00 2  1.3919e-18 -5.4395e-01  1.1910e-18 -7.2031e-19
 4.0323e+00  0.0000e+00 2  1.9828e-18 -7.7713e-01  1.4136e-18 -1.3904e-18
 3.9062e+00  0.0000e+00 2  0.0000e+00  0.0000e+00  0.0000e+00  0.0000e+00
 3.7879e+00  0.0000e+00 2  0.0000e+00  0.0000e+00  0.0000e+00  0.0000e+00
 3.6765e+00  0.0000e+00 2  0.0000e+00  0.0000e+00  0.0000e+00  0.0000e+00
 3.5714e+00  0.0000e+00 2  0.0000e+00  0.0000e+00  0.0000e+00  0.0000e+00
 3.4722e+00  0.0000e+00 2  0.0000e+00  0.0000e+00  0.0000e+00  0.0000e+00
 3.3784e+00  0.0000e+00 2  0.0000e+00  0.0000e+00  0.0000e+00  0.0000e+00
 3.2895e+00  0.0000e+00 2  0.0000e+00  0.0000e+00  0.0000e+00  0.0000e+00
 3.2051e+00  0.0000e+00 2  0.0000e+00  0.0000e+00  0.0000e+00  0.0000e+00
 3.1250e+00  0.0000e+00 2  0.0000e+00  0.0000e+00  0.0000e+00  0.0000e+00
 3.0488e+00  0.0000e+00 2  0.0000e+00  0.0000e+00  0.0000e+00  0.0000e+00
 2.9762e+00  0.0000e+00 2  0.0000e+00  0.0000e+00  0.0000e+00  0.0000e+00
 2.9070e+00  0.0000e+00 2  0.0000e+00  0.0000e+00  0.0000e+00  0.0000e+00
 2.8409e+00  0.0000e+00 2  0.0000e+00  0.0000e+00  0.0000e+00  0.0000e+00
 2.7778e+00  0.0000e+00 2  0.0000e+00  0.0000e+00  0.0000e+00  0.0000e+00
 2.7174e+00  0.0000e+00 2  0.0000e+00  0.0000e+00  0.0000e+00  0.0000e+00
 2.5000e+01  0.0000e+00 3  1.0783e+00 -3.5616e-02  1.0776e+00 -3.8397e-02
 2.0833e+01  0.0000e+00 3  1.2331e+00 -9.6917e-02  1.2273e+00 -1.1932e-01
 1.7857e+01  0.0000e+00 3  1.8669e+00 -6.6503e-01  1.4691e+00 -1.1520e+00
 1.5625e+01  0.0000e+00 3  3.6763e-01 -1.4972e+00  2.7016e-02 -3.6663e-01
 1.3889e+01  0.0000e+00 3  2.7014e-01 -3.6850e-01  2.5201e-01 -9.7310e-02
 1.2500e+01  0.0000e+00 3  3.0075e-01 -1.6335e-01  2.9674e-01 -4.8908e-02
 1.1364e+01  0.0000e+00 3  2.8573e-01 -1.2149e-01  2.8362e-01 -3.4628e-02
 1.0417e+01  0.0000e+00 3  2.4929e-01 -1.2652e-01  2.4730e-01 -3.1456e-02
 9.6154e+00  0.0000e+00 3  2.0384e-01 -1.6625e-01  2.0103e-01 -3.3732e-02
 8.9286e+00  0.0000e+00 3  1.5674e-01 -2.5348e-01  1.5173e-01 -3.9306e-02
 8.3333e+00  0.0000e+00 3  1.1394e-01 -4.2437e-01  1.0383e-01 -4.6915e-02
 7.8125e+00  0.0000e+00 3  8.2051e-02 -7.4264e-01  6.0446e-02 -5.5485e-02
 7.3529e+00  0.0000e+00 3  6.8200e-02 -1.2157e+00  2.3712e-02 -6.3945e-02
 6.9444e+00  0.0000e+00 3  7.1398e-02 -1.6421e+00 -5.0877e-03 -7.1217e-02
 6.5789e+00  0.0000e+00 3  8.0454e-02 -1.8934e+00 -2.5504e-02 -7.6304e-02
 6.2500e+00  0.0000e+00 3  8.7067e-02 -2.0206e+00 -3.7856e-02 -7.8406e-02
 5.9524e+00  0.0000e+00 3  8.8283e-02 -2.0811e+00 -4.3123e-02 -7.7035e-02
 5.6818e+00  0.0000e+00 3  8.3830e-02 -2.1061e+00 -4.2761e-02 -7.2104e-02
 5.4348e+00  0.0000e+00 3  7.4647e-02 -2.1125e+00 -3.8489e-02 -6.3959e-02
 5.2083e+00  0.0000e+00 3  6.2224e-02 -2.1118e+00 -3.2043e-02 -5.3339e-02
 5.0000e+00  0.0000e+00 3  4.8238e-02 -2.1147e+00 -2.4963e-02 -4.1276e-02
 4.8077e+00  0.0000e+00 3  3.4304e-02 -2.1376e+00 -1.8419e-02 -2.8940e-02
 4.6296e+00  0.0000e+00 3  2.1844e-02 -2.2156e+00 -1.3129e-02 -1.7458e-02
 4.4643e+00  0.0000e+00 3  1.2147e-02 -2.4497e+00 -9.3540e-03 -7.7494e-03
 4.3103e+00  0.0000e+00 3  6.9899e-03 -3.0846e+00 -6.9786e-03 -3.9790e-04
 4.1667e+00  0.0000e+00 3  7.1564e-03  2.4793e+00 -5.6434e-03  4.4007e-03
 4.0323e+00  0.0000e+00 3  8.3967e-03  2.1935e+00 -4.8970e-03  6.8209e-03
 3.9062e+00  0.0000e+00 3  0.0000e+00  0.0000e+00  0.0000e+00  0.0000e+00
 3.7879e+00  0.0000e+00 3  0.0000e+00  0.0000e+00  0.0000e+00  0.0000e+00
 3.6765e+00  0.0000e+00 3  0.0000e+00  0.0000e+00  0.0000e+00  0.0000e+00
 3.5714e+00  0.0000e+00 3  0.0000e+00  0.0000e+00  0.0000e+00  0.0000e+00
 3.4722e+00  0.0000e+00 3  0.0000e+00  0.0000e+00  0.0000e+00  0.0000e+00
 3.3784e+00  0.0000e+00 3  0.0000e+00  0.0000e+00  0.0000e+00  0.0000e+00
 3.2895e+00  0.0000e+00 3  0.0000e+00  0.0000e+00  0.0000e+00  0.0000e+00
 3.2051e+00  0.0000e+00 3  0.0000e+00  0.0000e+00  0.0000e+00  0.0000e+00
 3.1250e+00  0.0000e+00 3  0.0000e+00  0.0000e+00  0.0000e+00  0.0000e+00
 3.0488e+00  0.0000e+00 3  0.0000e+00  0.0000e+00  0.0000e+00  0.0000e+00
 2.9762e+00  0.0000e+00 3  0.0000e+00  0.0000e+00  0.0000e+00  0.0000e+00
 2.9070e+00  0.0000e+00 3  0.0000e+00  0.0000e+00  0.0000e+00  0.0000e+00
 2.8409e+00  0.0000e+00 3  0.0000e+00  0.0000e+00  0.0000e+00  0.0000e+00
 2.7778e+00  0.0000e+00 3  0.0000e+00  0.0000e+00  0.0000e+00  0.0000e+00
 2.7174e+00  0.0000e+00 3  0.0000e+00  0.0000e+00  0.0000e+00  0.0000e+00
 2.5000e+01  0.0000e+00 4  7.8506e-17 -1.7308e+00 -1.2511e-17 -7.7502e-17
 2.0833e+01  0.0000e+00 4  1.4962e-17  4.6343e-01  1.3384e-17  6.6885e-18
 1.7857e+01  0.0000e+00 4  5.5125e-18  2.7981e+00 -5.1905e-18  1.8565e-18
 1.5625e+01  0.0000e+00 4  2.5169e-17  3.0809e+00 -2.5123e-17  1.5256e-18
 1.3889e+01  0.0000e+00 4  6.0506e-18  2.8687e+00 -5.8267e-18  1.6308e-18
 1.2500e+01  0.0000e+00 4  9.8024e-18  2.7329e+00 -8.9950e-18  3.8957e-18
 1.1364e+01  0.0000e+00 4  1.2392e-17  2.7426e+00 -1.1418e-17  4.8138e-18
 1.0417e+01  0.0000e+00 4  1.1456e-17  2.6745e+00 -1.0229e-17  5.1588e-18
 9.6154e+00  0.0000e+00 4  3.3439e-18  2.5690e+00 -2.8106e-18  1.8118e-18
 8.9286e+00  0.0000e+00 4  5.7753e-18  2.5118e+00 -4.6675e-18  3.4013e-18
 8.3333e+00  0.0000e+00 4  4.3261e-18  2.3003e+00 -2.8835e-18  3.2251e-18
 7.8125e+00  0.0000e+00 4  3.1980e-18  2.3096e+00 -2.1536e-18  2.3641e-18
 7.3529e+00  0.0000e+00 4  1.9101e-18  2.3787e+00 -1.3806e-18  1.3199e-18
 6.9444e+00  0.0000e+00 4  3.2556e-18  2.0799e+00 -1.5867e-18  2.8428e-18
 6.5789e+00  0.0000e+00 4  2.0094e-18  2.0151e+00 -8.6363e-19  1.8143e-18
 6.2500e+00  0.0000e+00 4  8.8482e-19  2.1209e+00 -4.6255e-19  7.5430e-19
 5.9524e+00  0.0000e+00 4  6.8336e-19 -1.8978e+00 -2.1949e-19 -6.4715e-19
 5.6818e+00  0.0000e+00 4  3.4947e-19 -2.1275e+00 -1.8467e-19 -2.9669e-19
 5.4348e+00  0.0000e+00 4  2.3374e-19 -2.6319e+00 -2.0403e-19 -1.1405e-19
 5.2083e+00  0.0000e+00 4  1.2318e-19 -2.4974e+00 -9.8497e-20 -7.3978e-20
 5.0000e+00  0.0000e+00 4  1.8831e-19 -1.9592e+00 -7.1322e-20 -1.7428e-19
 4.8077e+00  0.0000e+00 4  1.3125e-19 -1.8038e+00 -3.0300e-20 -1.2770e-19
 4.6296e+00  0.0000e+00 4  8.9745e-20 -1.9440e+00 -3.2721e-20 -8.3567e-20
 4.4643e+00  0.0000e+00 4  4.8313e-20 -2.3253e+00 -3.3090e-20 -3.5202e-20
 4.3103e+00  0.0000e+00 4  3.0933e-20 -3.0741e+00 -3.0862e-20 -2.0860e-21
 4.1667e+00  0.0000e+00 4  7.9148e-20  2.6237e+00 -6.8770e-20  3.9179e-20
 4.0323e+00  0.0000e+00 4  1.2315e-19  2.3427e+00 -8.5896e-20  8.8250e-20
 3.9062e+00  0.0000e+00 4  0.0000e+00  0.0000e+00  0.0000e+00  0.0000e+00
 3.7879e+00  0.0000e+00 4  0.0000e+00  0.0000e+00  0.0000e+00  0.0000e+00
 3.6765e+00  0.0000e+00 4  0.0000e+00  0.0000e+00  0.0000e+00  0.0000e+00
 3.5714e+00  0.0000e+00 4  0.0000e+00  0.0000e+00  0.0000e+00  0.0000e+00
 3.4722e+00  0.0000e+00 4  0.0000e+00  0.0000e+00  0.0000e+00  0.0000e+00
 3.3784e+00  0.0000e+00 4  0.0000e+00  0.0000e+00  0.0000e+00  0.0000e+00
 3.2895e+00  0.0000e+00 4  0.0000e+00  0.0000e+00  0.0000e+00  0.0000e+00
 3.2051e+00  0.0000e+00 4  0.0000e+00  0.0000e+00  0.0000e+00  0.0000e+00
 3.1250e+00  0.0000e+00 4  0.0000e+00  0.0000e+00  0.0000e+00  0.0000e+00
 3.0488e+00  0.0000e+00 4  0.0000e+00  0.0000e+00  0.0000e+00  0.0000e+00
 2.9762e+00  0.0000e+00 4  0.0000e+00  0.0000e+00  0.0000e+00  0.0000e+00
 2.9070e+00  0.0000e+00 4  0.0000e+00  0.0000e+00  0.0000e+00  0.0000e+00
 2.8409e+00  0.0000e+00 4  0.0000e+00  0.0000e+00  0.0000e+00  0.0000e+00
 2.7778e+00  0.0000e+00 4  0.0000e+00  0.0000e+00  0.0000e+00  0.0000e+00
 2.7174e+00  0.0000e+00 4  0.0000e+00  0.0000e+00  0.0000e+00  0.0000e+00
 2.5000e+01  0.0000e+00 5  2.7155e-02  3.5873e-01  2.5426e-02  9.5337e-03
 2.0833e+01  0.0000e+00 5  4.5556e-03 -4.9653e-01  4.0055e-03 -2.1702e-03
 1.7857e+01  0.0000e+00 5  2.9855e-03  6.4797e-01  2.3804e-03  1.8020e-03
 1.5625e+01  0.0000e+00 5  3.2857e-03  1.2229e+00  1.1201e-03  3.0888e-03
 1.3889e+01  0.0000e+00 5  4.8797e-03  1.4901e+00  3.9332e-04  4.8638e-03
 1.2500e+01  0.0000e+00 5  6.1473e-03  1.6015e+00 -1.8876e-04  6.1444e-03
 1.1364e+01  0.0000e+00 5  7.0559e-03  1.6808e+00 -7.7483e-04  7.0133e-03
 1.0417e+01  0.0000e+00 5  7.5891e-03  1.7499e+00 -1.3522e-03  7.4677e-03
 9.6154e+00  0.0000e+00 5  7.7458e-03  1.8148e+00 -1.8713e-03  7.5163e-03
 8.9286e+00  0.0000e+00 5  7.5634e-03  1.8776e+00 -2.2839e-03  7.2103e-03
 8.3333e+00  0.0000e+00 5  7.1235e-03  1.9408e+00 -2.5761e-03  6.6414e-03
 7.8125e+00  0.0000e+00 5  6.5136e-03  2.0085e+00 -2.7607e-03  5.8996e-03
 7.3529e+00  0.0000e+00 5  5.7815e-03  2.0836e+00 -2.8365e-03  5.0378e-03
 6.9444e+00  0.0000e+00 5  4.9692e-03  2.1695e+00 -2.8004e-03  4.1049e-03
 6.5789e+00  0.0000e+00 5  4.1145e-03  2.2692e+00 -2.6456e-03  3.1511e-03
 6.2500e+00  0.0000e+00 5  3.2537e-03  2.3856e+00 -2.3674e-03  2.2321e-03
 5.9524e+00  0.0000e+00 5  2.4256e-03  2.5236e+00 -1.9770e-03  1.4054e-03
 5.6818e+00  0.0000e+00 5  1.6718e-03  2.6972e+00 -1.5094e-03  7.1882e-04
 5.4348e+00  0.0000e+00 5  1.0274e-03  2.9396e+00 -1.0065e-03  2.0607e-04
 5.2083e+00  0.0000e+00 5  5.3046e-04 -2.9098e+00 -5.1627e-04 -1.2186e-04
 5.0000e+00  0.0000e+00 5  2.9079e-04 -1.8666e+00 -8.4766e-05 -2.7816e-04
 4.8077e+00  0.0000e+00 5  3.8946e-04 -8.6523e-01  2.5255e-04 -2.9647e-04
 4.6296e+00  0.0000e+00 5  5.2643e-04 -4.3772e-01  4.7679e-04 -2.2314e-04
 4.4643e+00  0.0000e+00 5  5.9743e-04 -1.8081e-01  5.8769e-04 -1.0743e-04
 4.3103e+00  0.0000e+00 5  6.0160e-04  1.2719e-02  6.0155e-04  7.6515e-06
 4.1667e+00  0.0000e+00 5  5.5263e-04  1.6768e-01  5.4488e-04  9.2230e-05
 4.0323e+00  0.0000e+00 5  4.6686e-04  2.8658e-01  4.4782e-04  1.3197e-04
 3.9062e+00  0.0000e+00 5  0.0000e+00  0.0000e+00  0.0000e+00  0.0000e+00
 3.7879e+00  0.0000e+00 5  0.0000e+00  0.0000e+00  0.0000e+00  0.0000e+00
 3.6765e+00  0.0000e+00 5  0.0000e+00  0.0000e+00  0.0000e+00  0.0000e+00
 3.5714e+00  0.0000e+00 5  0.0000e+00  0.0000e+00  0.0000e+00  0.0000e+00
 3.4722e+00  0.0000e+00 5  0.0000e+00  0.0000e+00  0.0000e+00  0.0000e+00
 3.3784e+00  0.0000e+00 5  0.0000e+00  0.0000e+00  0.0000e+00  0.0000e+00
 3.2895e+00  0.0000e+00 5  0.0000e+00  0.0000e+00  0.0000e+00  0.0000e+00
 3.2051e+00  0.0000e+00 5  0.0000e+00  0.0000e+00  0.0000e+00  0.0000e+00
 3.1250e+00  0.0000e+00 5  0.0000e+00  0.0000e+00  0.0000e+00  0.0000e+00
 3.0488e+00  0.0000e+00 5  0.0000e+00  0.0000e+00  0.0000e+00  0.0000e+00
 2.9762e+00  0.0000e+00 5  0.0000e+00  0.0000e+00  0.0000e+00  0.0000e+00
 2.9070e+00  0.0000e+00 5  0.0000e+00  0.0000e+00  0.0000e+00  0.0000e+00
 2.8409e+00  0.0000e+00 5  0.0000e+00  0.0000e+00  0.0000e+00  0.0000e+00
 2.7778e+00  0.0000e+00 5  0.0000e+00  0.0000e+00  0.0000e+00  0.0000e+00
 2.7174e+00  0.0000e+00 5  0.0000e+00  0.0000e+00  0.0000e+00  0.0000e+00
 2.5000e+01  0.0000e+00 6  4.4839e-18  2.4509e+00 -3.4561e-18  2.8567e-18
 2.0833e+01  0.0000e+00 6  4.2548e-18  1.7214e+00 -6.3825e-19  4.2067e-18
 1.7857e+01  0.0000e+00 6  3.7900e-18  1.6904e+00 -4.5222e-19  3.7629e-18
 1.5625e+01  0.0000e+00 6  3.7179e-18  1.6454e+00 -2.7705e-19  3.7075e-18
 1.3889e+01  0.0000e+00 6  4.1590e-18  1.5118e+00  2.4520e-19  4.1518e-18
 1.2500e+01  0.0000e+00 6  4.9291e-18  1.3729e+00  9.6895e-19  4.8330e-18
 1.1364e+01  0.0000e+00 6  3.8270e-18  1.6388e+00 -2.6020e-19  3.8181e-18
 1.0417e+01  0.0000e+00 6  3.6839e-18  1.4194e+00  5.5552e-19  3.6417e-18
 9.6154e+00  0.0000e+00 6  3.7722e-18  1.2923e+00  1.0370e-18  3.6269e-18
 8.9286e+00  0.0000e+00 6  3.9541e-18  1.1704e+00  1.5411e-18  3.6415e-18
 8.3333e+00  0.0000e+00 6  1.7723e-18  1.0667e+00  8.5605e-19  1.5518e-18
 7.8125e+00  0.0000e+00 6  2.9565e-18  8.6626e-01  1.9149e-18  2.2526e-18
 7.3529e+00  0.0000e+00 6  3.0471e-18  9.1614e-01  1.8553e-18  2.4171e-18
 6.9444e+00  0.0000e+00 6  5.8280e-19  1.3964e+00  1.0114e-19  5.7396e-19
 6.5789e+00  0.0000e+00 6  1.2973e-18  3.2166e-01  1.2307e-18  4.1011e-19
 6.2500e+00  0.0000e+00 6  4.9142e-18  2.4955e-01  4.7620e-18  1.2137e-18
 5.9524e+00  0.0000e+00 6  4.0157e-18  1.7402e-01  3.9551e-18  6.9530e-19
 5.6818e+00  0.0000e+00 6  4.0558e-18  2.4667e-03  4.0558e-18  1.0004e-20
 5.4348e+00  0.0000e+00 6  3.2789e-18 -1.2243e-01  3.2544e-18 -4.0043e-19
 5.2083e+00  0.0000e+00 6  2.5941e-18 -3.5430e-01  2.4330e-18 -8.9998e-19
 5.0000e+00  0.0000e+00 6  2.5438e-18 -4.9985e-01  2.2326e-18 -1.2192e-18
 4.8077e+00  0.0000e+00 6  4.0640e-18 -6.2298e-01  3.3006e-18 -2.3712e-18
 4.6296e+00  0.0000e+00 6  3.5948e-18 -7.9313e-01  2.5222e-18 -2.5615e-18
 4.4643e+00  0.0000e+00 6  2.8745e-18 -1.0043e+00  1.5427e-18 -2.4255e-18
 4.3103e+00  0.0000e+00 6  2.5468e-18 -1.3066e+00  6.6500e-19 -2.4585e-18
 4.1667e+00  0.0000e+00 6  2.4094e-18 -1.5595e+00  2.7224e-20 -2.4093e-18
 4.0323e+00  0.0000e+00 6  1.9220e-18 -1.8707e+00 -5.6782e-19 -1.8362e-18
 3.9062e+00  0.0000e+00 6  0.0000e+00  0.0000e+00  0.0000e+00  0.0000e+00
 3.7879e+00  0.0000e+00 6  0.0000e+00  0.0000e+00  0.0000e+00  0.0000e+00
 3.6765e+00  0.0000e+00 6  0.0000e+00  0.0000e+00  0.0000e+00  0.0000e+00
 3.5714e+00  0.0000e+00 6  0.0000e+00  0.0000e+00  0.0000e+00  0.0000e+00
 3.4722e+00  0.0000e+00 6  0.0000e+00  0.0000e+00  0.0000e+00  0.0000e+00
 3.3784e+00  0.0000e+00 6  0.0000e+00  0.0000e+00  0.0000e+00  0.0000e+00
 3.2895e+00  0.0000e+00 6  0.0000e+00  0.0000e+00  0.0000e+00  0.0000e+00
 3.2051e+00  0.0000e+00 6  0.0000e+00  0.0000e+00  0.0000e+00  0.0000e+00
 3.1250e+00  0.0000e+00 6  0.0000e+00  0.0000e+00  0.0000e+00  0.0000e+00
 3.0488e+00  0.0000e+00 6  0.0000e+00  0.0000e+00  0.0000e+00  0.0000e+00
 2.9762e+00  0.0000e+00 6  0.0000e+00  0.0000e+00  0.0000e+00  0.0000e+00
 2.9070e+00  0.0000e+00 6  0.0000e+00  0.0000e+00  0.0000e+00  0.0000e+00
 2.8409e+00  0.0000e+00 6  0.0000e+00  0.0000e+00  0.0000e+00  0.0000e+00
 2.7778e+00  0.0000e+00 6  0.0000e+00  0.0000e+00  0.0000e+00  0.0000e+00
 2.7174e+00  0.0000e+00 6  0.0000e+00  0.0000e+00  0.0000e+00  0.0000e+00
