 -1.000000E+00     1     1  1.834559E+04
 -1.000000E+00     1     5 -5.870000E+04
 -1.000000E+00     2     2  1.834550E+04
 -1.000000E+00     2     4  5.869877E+04
 -1.000000E+00     3     3  3.370777E+04
 -1.000000E+00     4     2  5.872087E+04
 -1.000000E+00     4     4  2.557920E+06
 -1.000000E+00     5     1 -5.872231E+04
 -1.000000E+00     5     5  2.557957E+06
 -1.000000E+00     6     6  9.053382E+05
  0.000000E+00     1     1  8.707938E+03
  0.000000E+00     1     5 -4.200246E+04
  0.000000E+00     2     2  8.707907E+03
  0.000000E+00     2     4  4.200135E+04
  0.000000E+00     3     3  2.863575E+04
  0.000000E+00     4     2  4.192197E+04
  0.000000E+00     4     4  2.473254E+06
  0.000000E+00     5     1 -4.192298E+04
  0.000000E+00     5     5  2.473294E+06
  0.000000E+00     6     6  6.019221E+05
  1.256637E+02     1     1  1.840882E+04  9.201920E+00
  1.256637E+02     1     5 -5.876330E+04  4.675654E+00
  1.256637E+02     2     2  1.840879E+04  9.201557E+00
  1.256637E+02     2     4  5.876201E+04 -4.694179E+00
  1.256637E+02     3     3  4.799059E+04  1.149598E+04
  1.256637E+02     4     2  5.878464E+04 -4.651517E+00
  1.256637E+02     4     4  2.558142E+06  2.310979E+00
  1.256637E+02     5     1 -5.878586E+04  4.650829E+00
  1.256637E+02     5     5  2.558180E+06  2.431314E+00
  1.256637E+02     6     6  9.057516E+05 -1.890131E-03
  6.283186E+01     1     1  1.858856E+04  3.936609E+01
  6.283186E+01     1     5 -5.896655E+04  1.841259E+01
  6.283186E+01     2     2  1.858850E+04  3.936592E+01
  6.283186E+01     2     4  5.896525E+04 -1.841617E+01
  6.283186E+01     3     3  4.287536E+04  1.148982E+04
  6.283186E+01     4     2  5.898888E+04 -1.827359E+01
  6.283186E+01     4     4  2.558761E+06  8.501900E+00
  6.283186E+01     5     1 -5.899024E+04  1.827195E+01
  6.283186E+01     5     5  2.558798E+06  8.477629E+00
  6.283186E+01     6     6  9.070001E+05  6.512856E-03
  4.188790E+01     1     1  1.889158E+04  9.922044E+01
  4.188790E+01     1     5 -5.933265E+04  3.955225E+01
  4.188790E+01     2     2  1.889150E+04  9.922004E+01
  4.188790E+01     2     4  5.933134E+04 -3.954678E+01
  4.188790E+01     3     3  3.982593E+04  1.151705E+04
  4.188790E+01     4     2  5.935674E+04 -3.919038E+01
  4.188790E+01     4     4  2.559836E+06  1.552830E+01
  4.188790E+01     5     1 -5.935784E+04  3.919040E+01
  4.188790E+01     5     5  2.559871E+06  1.541651E+01
  4.188790E+01     6     6  9.091118E+05 -6.371071E-03
  3.141593E+01     1     1  1.933844E+04  2.074490E+02
  3.141593E+01     1     5 -5.989745E+04  6.252609E+01
  3.141593E+01     2     2  1.933837E+04  2.074482E+02
  3.141593E+01     2     4  5.989619E+04 -6.252516E+01
  3.141593E+01     3     3  3.756496E+04  1.157767E+04
  3.141593E+01     4     2  5.992379E+04 -6.175795E+01
  3.141593E+01     4     4  2.561388E+06  1.863066E+01
  3.141593E+01     5     1 -5.992523E+04  6.175172E+01
  3.141593E+01     5     5  2.561423E+06  1.848155E+01
  3.141593E+01     6     6  9.121272E+05 -1.249369E-02
  2.513274E+01     1     1  1.996159E+04  4.011199E+02
  2.513274E+01     1     5 -6.072092E+04  7.069482E+01
  2.513274E+01     2     2  1.996152E+04  4.011180E+02
  2.513274E+01     2     4  6.071953E+04 -7.070347E+01
  2.513274E+01     3     3  3.566604E+04  1.165651E+04
  2.513274E+01     4     2  6.075115E+04 -6.916617E+01
  2.513274E+01     4     4  2.563526E+06  1.224103E+01
  2.513274E+01     5     1 -6.075237E+04  6.914929E+01
  2.513274E+01     5     5  2.563564E+06  1.222417E+01
  2.513274E+01     6     6  9.161092E+05  1.732106E-03
  2.094395E+01     1     1  2.080124E+04  7.521536E+02
  2.094395E+01     1     5 -6.189657E+04  1.811788E+01
  2.094395E+01     2     2  2.080117E+04  7.521517E+02
  2.094395E+01     2     4  6.189522E+04 -1.814607E+01
  2.094395E+01     3     3  3.391682E+04  1.171680E+04
  2.094395E+01     4     2  6.193158E+04 -1.511009E+01
  2.094395E+01     4     4  2.566401E+06  4.787304E-01
  2.094395E+01     5     1 -6.193308E+04  1.506758E+01
  2.094395E+01     5     5  2.566436E+06  5.647146E-01
  2.094395E+01     6     6  9.211478E+05 -1.474194E-03
  1.795196E+01     1     1  2.188614E+04  1.394257E+03
  1.795196E+01     1     5 -6.355761E+04 -2.126555E+02
  1.795196E+01     2     2  2.188609E+04  1.394251E+03
  1.795196E+01     2     4  6.355626E+04  2.126282E+02
  1.795196E+01     3     3  3.219577E+04  1.168984E+04
  1.795196E+01     4     2  6.359965E+04  2.185615E+02
  1.795196E+01     4     4  2.570244E+06  3.458431E+01
  1.795196E+01     5     1 -6.360086E+04 -2.186182E+02
  1.795196E+01     5     5  2.570284E+06  3.432611E+01
  1.795196E+01     6     6  9.273624E+05  1.547412E-02
  1.570796E+01     1     1  2.317351E+04  2.547777E+03
  1.570796E+01     1     5 -6.584102E+04 -8.883580E+02
  1.570796E+01     2     2  2.317348E+04  2.547770E+03
  1.570796E+01     2     4  6.583961E+04  8.882902E+02
  1.570796E+01     3     3  3.045715E+04  1.147337E+04
  1.570796E+01     4     2  6.589121E+04  8.997847E+02
  1.570796E+01     4     4  2.575482E+06  3.180160E+02
  1.570796E+01     5     1 -6.589270E+04 -8.999448E+02
  1.570796E+01     5     5  2.575519E+06  3.180246E+02
  1.570796E+01     6     6  9.349130E+05  8.398354E-02
  1.396263E+01     1     1  2.443159E+04  4.481861E+03
  1.396263E+01     1     5 -6.873792E+04 -2.497164E+03
  1.396263E+01     2     2  2.443153E+04  4.481842E+03
  1.396263E+01     2     4  6.873652E+04  2.497031E+03
  1.396263E+01     3     3  2.874763E+04  1.096121E+04
  1.396263E+01     4     2  6.879770E+04  2.518534E+03
  1.396263E+01     4     4  2.582560E+06  1.419433E+03
  1.396263E+01     5     1 -6.879911E+04 -2.518702E+03
  1.396263E+01     5     5  2.582596E+06  1.419829E+03
  1.396263E+01     6     6  9.440120E+05  4.881548E-01
  1.256637E+01     1     1  2.515219E+04  7.315833E+03
  1.256637E+01     1     5 -7.181780E+04 -5.635586E+03
  1.256637E+01     2     2  2.515212E+04  7.315796E+03
  1.256637E+01     2     4  7.181632E+04  5.635371E+03
  1.256637E+01     3     3  2.719682E+04  1.010945E+04
  1.256637E+01     4     2  7.188460E+04  5.672548E+03
  1.256637E+01     4     4  2.591652E+06  4.428558E+03
  1.256637E+01     5     1 -7.188606E+04 -5.672988E+03
  1.256637E+01     5     5  2.591688E+06  4.428781E+03
  1.256637E+01     6     6  9.549500E+05  2.734833E+00
  1.142397E+01     1     1  2.472663E+04  1.073031E+04
  1.142397E+01     1     5 -7.412406E+04 -1.054619E+04
  1.142397E+01     2     2  2.472652E+04  1.073024E+04
  1.142397E+01     2     4  7.412234E+04  1.054580E+04
  1.142397E+01     3     3  2.594343E+04  8.980586E+03
  1.142397E+01     4     2  7.419226E+04  1.060350E+04
  1.142397E+01     4     4  2.602093E+06  1.061426E+04
  1.142397E+01     5     1 -7.419388E+04 -1.060391E+04
  1.142397E+01     5     5  2.602131E+06  1.061505E+04
  1.142397E+01     6     6  9.681303E+05  1.344738E+01
  1.047197E+01     1     1  2.289992E+04  1.397288E+04
  1.047197E+01     1     5 -7.464803E+04 -1.667499E+04
  1.047197E+01     2     2  2.289982E+04  1.397278E+04
  1.047197E+01     2     4  7.464634E+04  1.667439E+04
  1.047197E+01     3     3  2.505666E+04  7.707675E+03
  1.047197E+01     4     2  7.470910E+04  1.675317E+04
  1.047197E+01     4     4  2.612461E+06  2.056464E+04
  1.047197E+01     5     1 -7.471091E+04 -1.675431E+04
  1.047197E+01     5     5  2.612504E+06  2.056616E+04
  1.047197E+01     6     6  9.841246E+05  5.778346E+01
  9.666438E+00     1     1  2.001424E+04  1.631889E+04
  9.666438E+00     1     5 -7.304656E+04 -2.292155E+04
  9.666438E+00     2     2  2.001413E+04  1.631875E+04
  9.666438E+00     2     4  7.304489E+04  2.292080E+04
  9.666438E+00     3     3  2.452669E+04  6.423966E+03
  9.666438E+00     4     2  7.309319E+04  2.301781E+04
  9.666438E+00     4     4  2.621574E+06  3.385333E+04
  9.666438E+00     5     1 -7.309495E+04 -2.301919E+04
  9.666438E+00     5     5  2.621616E+06  3.385564E+04
  9.666438E+00     6     6  1.003782E+06  2.193671E+02
  8.975978E+00     1     1  1.672653E+04  1.749787E+04
  8.975978E+00     1     5 -6.975085E+04 -2.839580E+04
  8.975978E+00     2     2  1.672646E+04  1.749772E+04
  8.975978E+00     2     4  6.974920E+04  2.839486E+04
  8.975978E+00     3     3  2.429420E+04  5.222862E+03
  8.975978E+00     4     2  6.977837E+04  2.850304E+04
  8.975978E+00     4     4  2.629234E+06  4.994780E+04
  8.975978E+00     5     1 -6.978014E+04 -2.850455E+04
  8.975978E+00     5     5  2.629280E+06  4.995135E+04
  8.975978E+00     6     6  1.028370E+06  7.422621E+02
  8.377580E+00     1     1  1.357513E+04  1.767227E+04
  8.377580E+00     1     5 -6.542582E+04 -3.283320E+04
  8.377580E+00     2     2  1.357510E+04  1.767213E+04
  8.377580E+00     2     4  6.542422E+04  3.283223E+04
  8.377580E+00     3     3  2.428669E+04  4.155039E+03
  8.377580E+00     4     2  6.543291E+04  3.294463E+04
  8.377580E+00     4     4  2.635681E+06  6.940286E+04
  8.377580E+00     5     1 -6.543467E+04 -3.294657E+04
  8.377580E+00     5     5  2.635728E+06  6.940778E+04
  8.377580E+00     6     6  1.059796E+06  2.270217E+03
  7.853981E+00     1     1  1.080702E+04  1.715964E+04
  7.853981E+00     1     5 -6.042902E+04 -3.640480E+04
  7.853981E+00     2     2  1.080699E+04  1.715953E+04
  7.853981E+00     2     4  6.042775E+04  3.640391E+04
  7.853981E+00     3     3  2.443758E+04  3.239000E+03
  7.853981E+00     4     2  6.041659E+04  3.651539E+04
  7.853981E+00     4     4  2.640015E+06  9.412385E+04
  7.853981E+00     5     1 -6.041802E+04 -3.651712E+04
  7.853981E+00     5     5  2.640064E+06  9.412917E+04
  7.853981E+00     6     6  1.100849E+06  6.352963E+03
  7.391982E+00     1     1  8.451682E+03  1.621261E+04
  7.391982E+00     1     5 -5.464847E+04 -3.922659E+04
  7.391982E+00     2     2  8.451665E+03  1.621252E+04
  7.391982E+00     2     4  5.464714E+04  3.922562E+04
  7.391982E+00     3     3  2.469258E+04  2.472888E+03
  7.391982E+00     4     2  5.461870E+04  3.933285E+04
  7.391982E+00     4     4  2.638372E+06  1.259214E+05
  7.391982E+00     5     1 -5.462007E+04 -3.933452E+04
  7.391982E+00     5     5  2.638426E+06  1.259288E+05
  7.391982E+00     6     6  1.155322E+06  1.644364E+04
  6.981316E+00     1     1  6.475349E+03  1.495000E+04
  6.981316E+00     1     5 -4.781449E+04 -4.089236E+04
  6.981316E+00     2     2  6.475326E+03  1.494991E+04
  6.981316E+00     2     4  4.781329E+04  4.089147E+04
  6.981316E+00     3     3  2.501489E+04  1.845626E+03
  6.981316E+00     4     2  4.777090E+04  4.099013E+04
  6.981316E+00     4     4  2.623882E+06  1.628401E+05
  6.981316E+00     5     1 -4.777209E+04 -4.099211E+04
  6.981316E+00     5     5  2.623928E+06  1.628488E+05
  6.981316E+00     6     6  1.227633E+06  3.972017E+04
  6.613878E+00     1     1  4.903585E+03  1.342154E+04
  6.613878E+00     1     5 -4.023971E+04 -4.048989E+04
  6.613878E+00     2     2  4.903573E+03  1.342145E+04
  6.613878E+00     2     4  4.023851E+04  4.048907E+04
  6.613878E+00     3     3  2.538010E+04  1.346007E+03
  6.613878E+00     4     2  4.018671E+04  4.057720E+04
  6.613878E+00     4     4  2.591516E+06  1.956086E+05
  6.613878E+00     5     1 -4.018777E+04 -4.057875E+04
  6.613878E+00     5     5  2.591565E+06  1.956175E+05
  6.613878E+00     6     6  1.320639E+06  9.002182E+04
  6.283185E+00     1     1  3.812706E+03  1.173647E+04
  6.283185E+00     1     5 -3.320822E+04 -3.753930E+04
  6.283185E+00     2     2  3.812695E+03  1.173647E+04
  6.283185E+00     2     4  3.320727E+04  3.753875E+04
  6.283185E+00     3     3  2.576689E+04  9.742098E+02
  6.283185E+00     4     2  3.315154E+04  3.761625E+04
  6.283185E+00     4     4  2.546152E+06  2.118789E+05
  6.283185E+00     5     1 -3.315223E+04 -3.761689E+04
  6.283185E+00     5     5  2.546196E+06  2.118852E+05
  6.283185E+00     6     6  1.428828E+06  1.909517E+05
  5.983986E+00     1     1  3.202297E+03  1.007932E+04
  5.983986E+00     1     5 -2.803177E+04 -3.280832E+04
  5.983986E+00     2     2  3.202295E+03  1.007932E+04
  5.983986E+00     2     4  2.803101E+04  3.280790E+04
  5.983986E+00     3     3  2.616452E+04  7.135997E+02
  5.983986E+00     4     2  2.797560E+04  3.287545E+04
  5.983986E+00     4     4  2.501076E+06  2.075559E+05
  5.983986E+00     5     1 -2.797600E+04 -3.287554E+04
  5.983986E+00     5     5  2.501118E+06  2.075588E+05
  5.983986E+00     6     6  1.522663E+06  3.722205E+05
  5.711987E+00     1     1  2.960823E+03  8.589021E+03
  5.711987E+00     1     5 -2.496749E+04 -2.763748E+04
  5.711987E+00     2     2  2.960799E+03  8.589018E+03
  5.711987E+00     2     4  2.496670E+04  2.763728E+04
  5.711987E+00     3     3  2.651945E+04  5.811741E+02
  5.711987E+00     4     2  2.491446E+04  2.769696E+04
  5.711987E+00     4     4  2.466673E+06  1.891263E+05
  5.711987E+00     5     1 -2.491536E+04 -2.769710E+04
  5.711987E+00     5     5  2.466708E+06  1.891283E+05
  5.711987E+00     6     6  1.532368E+06  6.396149E+05
  5.463640E+00     1     1  2.959879E+03  7.303881E+03
  5.463640E+00     1     5 -2.343335E+04 -2.288833E+04
  5.463640E+00     2     2  2.959892E+03  7.303888E+03
  5.463640E+00     2     4  2.343267E+04  2.288802E+04
  5.463640E+00     3     3  2.680363E+04  5.339438E+02
  5.463640E+00     4     2  2.338708E+04  2.294218E+04
  5.463640E+00     4     4  2.445290E+06  1.657341E+05
  5.463640E+00     5     1 -2.338737E+04 -2.294224E+04
  5.463640E+00     5     5  2.445328E+06  1.657357E+05
  5.463640E+00     6     6  1.383546E+06  9.185932E+05
  5.235988E+00     1     1  3.115790E+03  6.213143E+03
  5.235988E+00     1     5 -2.273774E+04 -1.871732E+04
  5.235988E+00     2     2  3.115770E+03  6.213125E+03
  5.235988E+00     2     4  2.273682E+04  1.871728E+04
  5.235988E+00     3     3  2.700819E+04  5.258794E+02
  5.235988E+00     4     2  2.270576E+04  1.876695E+04
  5.235988E+00     4     4  2.434278E+06  1.437210E+05
  5.235988E+00     5     1 -2.270652E+04 -1.876716E+04
  5.235988E+00     5     5  2.434315E+06  1.437224E+05
  5.235988E+00     6     6  1.103624E+06  1.080558E+06
  5.026549E+00     1     1  3.443247E+03  5.331407E+03
  5.026549E+00     1     5 -2.276511E+04 -1.520539E+04
  5.026549E+00     2     2  3.443274E+03  5.331342E+03
  5.026549E+00     2     4  2.276450E+04  1.520564E+04
  5.026549E+00     3     3  2.714983E+04  5.225087E+02
  5.026549E+00     4     2  2.264174E+04  1.524882E+04
  5.026549E+00     4     4  2.428731E+06  1.274887E+05
  5.026549E+00     5     1 -2.264204E+04 -1.524899E+04
  5.026549E+00     5     5  2.428767E+06  1.274879E+05
  5.026549E+00     6     6  8.152780E+05  1.083997E+06
  4.833220E+00     1     1  3.736271E+03  4.623647E+03
  4.833220E+00     1     5 -2.302132E+04 -1.156590E+04
  4.833220E+00     2     2  3.736261E+03  4.623639E+03
  4.833220E+00     2     4  2.302036E+04  1.156574E+04
  4.833220E+00     3     3  2.725151E+04  5.095762E+02
  4.833220E+00     4     2  2.296391E+04  1.161215E+04
  4.833220E+00     4     4  2.425718E+06  1.127731E+05
  4.833220E+00     5     1 -2.296474E+04 -1.161223E+04
  4.833220E+00     5     5  2.425757E+06  1.127739E+05
  4.833220E+00     6     6  5.990538E+05  9.898079E+05
  4.654212E+00     1     1  4.048787E+03  4.091962E+03
  4.654212E+00     1     5 -2.398786E+04 -8.466353E+03
  4.654212E+00     2     2  4.048782E+03  4.091961E+03
  4.654212E+00     2     4  2.398653E+04  8.466196E+03
  4.654212E+00     3     3  2.732952E+04  4.850840E+02
  4.654212E+00     4     2  2.393878E+04  8.515177E+03
  4.654212E+00     4     4  2.423099E+06  1.003881E+05
  4.654212E+00     5     1 -2.393955E+04 -8.515277E+03
  4.654212E+00     5     5  2.423148E+06  1.003885E+05
  4.654212E+00     6     6  4.610201E+05  8.635279E+05
  4.487990E+00     1     1  4.317927E+03  3.676728E+03
  4.487990E+00     1     5 -2.541476E+04 -5.976455E+03
  4.487990E+00     2     2  4.317909E+03  3.676724E+03
  4.487990E+00     2     4  2.541431E+04  5.976489E+03
  4.487990E+00     3     3  2.739435E+04  4.502968E+02
  4.487990E+00     4     2  2.536910E+04  6.028338E+03
  4.487990E+00     4     4  2.421816E+06  8.839196E+04
  4.487990E+00     5     1 -2.536993E+04 -6.028383E+03
  4.487990E+00     5     5  2.421851E+06  8.839194E+04
  4.487990E+00     6     6  3.804548E+05  7.379230E+05
  4.333232E+00     1     1  4.537642E+03  3.334463E+03
  4.333232E+00     1     5 -2.704805E+04 -4.168615E+03
  4.333232E+00     2     2  4.537623E+03  3.334468E+03
  4.333232E+00     2     4  2.704755E+04  4.168594E+03
  4.333232E+00     3     3  2.745270E+04  4.062864E+02
  4.333232E+00     4     2  2.700425E+04  4.223527E+03
  4.333232E+00     4     4  2.422798E+06  7.716717E+04
  4.333232E+00     5     1 -2.700475E+04 -4.223577E+03
  4.333232E+00     5     5  2.422827E+06  7.716682E+04
  4.333232E+00     6     6  3.384552E+05  6.237882E+05
  4.188791E+00     1     1  4.711279E+03  3.034126E+03
  4.188791E+00     1     5 -2.862871E+04 -3.001585E+03
  4.188791E+00     2     2  4.711286E+03  3.034128E+03
  4.188791E+00     2     4  2.862761E+04  3.001519E+03
  4.188791E+00     3     3  2.751416E+04  3.521905E+02
  4.188791E+00     4     2  2.858595E+04  3.059499E+03
  4.188791E+00     4     4  2.426045E+06  6.802769E+04
  4.188791E+00     5     1 -2.858615E+04 -3.059560E+03
  4.188791E+00     5     5  2.426090E+06  6.802745E+04
  4.188791E+00     6     6  3.234749E+05  5.235746E+05
  4.053669E+00     1     1  4.850047E+03  2.748602E+03
  4.053669E+00     1     5 -2.993475E+04 -2.299677E+03
  4.053669E+00     2     2  4.850026E+03  2.748603E+03
  4.053669E+00     2     4  2.993386E+04  2.299580E+03
  4.053669E+00     3     3  2.758759E+04  2.978499E+02
  4.053669E+00     4     2  2.989830E+04  2.362732E+03
  4.053669E+00     4     4  2.430156E+06  6.198362E+04
  4.053669E+00     5     1 -2.989936E+04 -2.362763E+03
  4.053669E+00     5     5  2.430191E+06  6.198262E+04
  4.053669E+00     6     6  3.291903E+05  4.386262E+05
  3.926992E+00     1     1  4.977324E+03  2.457736E+03
  3.926992E+00     1     5 -3.091450E+04 -1.828405E+03
  3.926992E+00     2     2  4.977297E+03  2.457739E+03
  3.926992E+00     2     4  3.091365E+04  1.828298E+03
  3.926992E+00     3     3  2.767465E+04  2.618441E+02
  3.926992E+00     4     2  3.086712E+04  1.889349E+03
  3.926992E+00     4     4  2.433416E+06  5.834977E+04
  3.926992E+00     5     1 -3.086790E+04 -1.889413E+03
  3.926992E+00     5     5  2.433451E+06  5.835076E+04
  3.926992E+00     6     6  3.506609E+05  3.717707E+05
  3.807992E+00     1     1  5.110227E+03  2.168671E+03
  3.807992E+00     1     5 -3.161339E+04 -1.314936E+03
  3.807992E+00     2     2  5.110206E+03  2.168702E+03
  3.807992E+00     2     4  3.161244E+04  1.314850E+03
  3.807992E+00     3     3  2.775294E+04  2.529189E+02
  3.807992E+00     4     2  3.159722E+04  1.414471E+03
  3.807992E+00     4     4  2.435169E+06  5.586278E+04
  3.807992E+00     5     1 -3.159791E+04 -1.414411E+03
  3.807992E+00     5     5  2.435207E+06  5.586313E+04
  3.807992E+00     6     6  3.809801E+05  3.262652E+05
  3.695993E+00     1     1  5.313254E+03  1.920354E+03
  3.695993E+00     1     5 -3.233722E+04 -1.026811E+03
  3.695993E+00     2     2  5.313226E+03  1.920356E+03
  3.695993E+00     2     4  3.233696E+04  1.027143E+03
  3.695993E+00     3     3  2.780909E+04  2.547631E+02
  3.695993E+00     4     2  3.225344E+04  1.014250E+03
  3.695993E+00     4     4  2.435615E+06  5.414570E+04
  3.695993E+00     5     1 -3.225462E+04 -1.014249E+03
  3.695993E+00     5     5  2.435641E+06  5.414561E+04
  3.695993E+00     6     6  4.104188E+05  3.024582E+05
  3.590393E+00     1     1  5.490177E+03  1.693867E+03
  3.590393E+00     1     5 -3.289087E+04 -4.735099E+02
  3.590393E+00     2     2  5.490155E+03  1.693869E+03
  3.590393E+00     2     4  3.288969E+04  4.736340E+02
  3.590393E+00     3     3  2.785034E+04  2.525401E+02
  3.590393E+00     4     2  3.283705E+04  4.972116E+02
  3.590393E+00     4     4  2.435600E+06  5.155703E+04
  3.590393E+00     5     1 -3.283831E+04 -4.971960E+02
  3.590393E+00     5     5  2.435652E+06  5.155690E+04
  3.590393E+00     6     6  4.354722E+05  3.026344E+05
  3.490660E+00     1     1  5.673899E+03  1.517881E+03
  3.490660E+00     1     5 -3.347634E+04  2.323779E+01
  3.490660E+00     2     2  5.673875E+03  1.517882E+03
  3.490660E+00     2     4  3.347512E+04 -2.324317E+01
  3.490660E+00     3     3  2.788296E+04  2.468133E+02
  3.490660E+00     4     2  3.343750E+04  1.113551E+01
  3.490660E+00     4     4  2.435439E+06  4.879707E+04
  3.490660E+00     5     1 -3.343836E+04 -1.115886E+01
  3.490660E+00     5     5  2.435482E+06  4.879680E+04
  3.490660E+00     6     6  4.333228E+05  3.024566E+05
  3.396318E+00     1     1  5.833686E+03  1.380770E+03
  3.396318E+00     1     5 -3.403978E+04  5.461282E+02
  3.396318E+00     2     2  5.833690E+03  1.380796E+03
  3.396318E+00     2     4  3.403809E+04 -5.465833E+02
  3.396318E+00     3     3  2.791155E+04  2.383384E+02
  3.396318E+00     4     2  3.411548E+04 -4.608135E+02
  3.396318E+00     4     4  2.435796E+06  4.640560E+04
  3.396318E+00     5     1 -3.411649E+04  4.606573E+02
  3.396318E+00     5     5  2.435832E+06  4.640236E+04
  3.396318E+00     6     6  4.155888E+05  2.991498E+05
  3.306941E+00     1     1  5.990393E+03  1.259479E+03
  3.306941E+00     1     5 -3.473416E+04  8.713599E+02
  3.306941E+00     2     2  5.990352E+03  1.259477E+03
  3.306941E+00     2     4  3.473281E+04 -8.714064E+02
  3.306941E+00     3     3  2.793680E+04  2.278993E+02
  3.306941E+00     4     2  3.470694E+04 -8.188910E+02
  3.306941E+00     4     4  2.435405E+06  4.315695E+04
  3.306941E+00     5     1 -3.470823E+04  8.188859E+02
  3.306941E+00     5     5  2.435443E+06  4.315604E+04
  3.306941E+00     6     6  3.918084E+05  2.766663E+05
  3.222148E+00     1     1  6.122318E+03  1.157606E+03
  3.222148E+00     1     5 -3.544488E+04  1.168832E+03
  3.222148E+00     2     2  6.122302E+03  1.157612E+03
  3.222148E+00     2     4  3.544388E+04 -1.168872E+03
  3.222148E+00     3     3  2.795840E+04  2.163919E+02
  3.222148E+00     4     2  3.539491E+04 -1.124626E+03
  3.222148E+00     4     4  2.435219E+06  4.014664E+04
  3.222148E+00     5     1 -3.539638E+04  1.124611E+03
  3.222148E+00     5     5  2.435256E+06  4.014598E+04
  3.222148E+00     6     6  3.803324E+05  2.390160E+05
  3.141594E+00     1     1  6.231988E+03  1.066124E+03
  3.141594E+00     1     5 -3.611468E+04  1.405576E+03
  3.141594E+00     2     2  6.231984E+03  1.066116E+03
  3.141594E+00     2     4  3.611409E+04 -1.405994E+03
  3.141594E+00     3     3  2.797773E+04  2.035137E+02
  3.141594E+00     4     2  3.609588E+04 -1.330330E+03
  3.141594E+00     4     4  2.435293E+06  3.726954E+04
  3.141594E+00     5     1 -3.609681E+04  1.330299E+03
  3.141594E+00     5     5  2.435324E+06  3.727013E+04
  3.141594E+00     6     6  3.855131E+05  2.013288E+05
  3.064970E+00     1     1  6.358725E+03  1.000002E+03
  3.064970E+00     1     5 -3.684774E+04  1.265477E+03
  3.064970E+00     2     2  6.358689E+03  9.999930E+02
  3.064970E+00     2     4  3.684706E+04 -1.265122E+03
  3.064970E+00     3     3  2.799766E+04  1.770712E+02
  3.064970E+00     4     2  3.676962E+04 -1.282347E+03
  3.064970E+00     4     4  2.435425E+06  3.448386E+04
  3.064970E+00     5     1 -3.677050E+04  1.282343E+03
  3.064970E+00     5     5  2.435473E+06  3.448394E+04
  3.064970E+00     6     6  3.989528E+05  1.703858E+05
  2.991994E+00     1     1  6.439777E+03  8.974099E+02
  2.991994E+00     1     5 -3.743851E+04  1.185912E+03
  2.991994E+00     2     2  6.439722E+03  8.973986E+02
  2.991994E+00     2     4  3.743730E+04 -1.185848E+03
  2.991994E+00     3     3  2.802352E+04  1.588917E+02
  2.991994E+00     4     2  3.728594E+04 -1.203094E+03
  2.991994E+00     4     4  2.435896E+06  3.047370E+04
  2.991994E+00     5     1 -3.728512E+04  1.203351E+03
  2.991994E+00     5     5  2.435912E+06  3.047140E+04
  2.991994E+00     6     6  4.246589E+05  1.568749E+05
  2.922413E+00     1     1  6.560095E+03  7.954191E+02
  2.922413E+00     1     5 -3.793821E+04  9.796011E+02
  2.922413E+00     2     2  6.560058E+03  7.954346E+02
  2.922413E+00     2     4  3.794089E+04 -9.780543E+02
  2.922413E+00     3     3  2.805032E+04  1.438543E+02
  2.922413E+00     4     2  3.747398E+04 -8.717405E+02
  2.922413E+00     4     4  2.435316E+06  2.762822E+04
  2.922413E+00     5     1 -3.747585E+04  8.716543E+02
  2.922413E+00     5     5  2.435384E+06  2.763626E+04
  2.922413E+00     6     6  4.446728E+05  1.477529E+05
  2.855994E+00     1     1  6.633892E+03  7.361767E+02
  2.855994E+00     1     5 -3.803691E+04  1.062479E+03
  2.855994E+00     2     2  6.633912E+03  7.361788E+02
  2.855994E+00     2     4  3.803566E+04 -1.062433E+03
  2.855994E+00     3     3  2.807781E+04  1.344124E+02
  2.855994E+00     4     2  3.798523E+04 -1.026655E+03
  2.855994E+00     4     4  2.438902E+06  2.727073E+04
  2.855994E+00     5     1 -3.798518E+04  1.026627E+03
  2.855994E+00     5     5  2.438946E+06  2.727144E+04
  2.855994E+00     6     6  4.601629E+05  1.542550E+05
  2.792528E+00     1     1  6.726575E+03  6.710255E+02
  2.792528E+00     1     5 -3.828427E+04  1.028416E+03
  2.792528E+00     2     2  6.726573E+03  6.710238E+02
  2.792528E+00     2     4  3.828305E+04 -1.028362E+03
  2.792528E+00     3     3  2.810249E+04  1.217734E+02
  2.792528E+00     4     2  3.823116E+04 -1.001455E+03
  2.792528E+00     4     4  2.439234E+06  2.546105E+04
  2.792528E+00     5     1 -3.823260E+04  1.001416E+03
  2.792528E+00     5     5  2.439279E+06  2.546096E+04
  2.792528E+00     6     6  4.505076E+05  1.697244E+05
  2.731821E+00     1     1  6.812341E+03  6.105561E+02
  2.731821E+00     1     5 -3.844932E+04  1.089406E+03
  2.731821E+00     2     2  6.812333E+03  6.105614E+02
  2.731821E+00     2     4  3.844855E+04 -1.089628E+03
  2.731821E+00     3     3  2.811954E+04  1.114404E+02
  2.731821E+00     4     2  3.845092E+04 -1.020479E+03
  2.731821E+00     4     4  2.440474E+06  2.372171E+04
  2.731821E+00     5     1 -3.845159E+04  1.020503E+03
  2.731821E+00     5     5  2.440503E+06  2.372189E+04
  2.731821E+00     6     6  4.268443E+05  1.538499E+05
  2.673697E+00     1     1  6.914058E+03  5.931165E+02
  2.673697E+00     1     5 -3.855283E+04  1.121395E+03
  2.673697E+00     2     2  6.914099E+03  5.930957E+02
  2.673697E+00     2     4  3.854989E+04 -1.122634E+03
  2.673697E+00     3     3  2.814487E+04  1.119965E+02
  2.673697E+00     4     2  3.885029E+04 -1.026294E+03
  2.673697E+00     4     4  2.443905E+06  2.409159E+04
  2.673697E+00     5     1 -3.885110E+04  1.026124E+03
  2.673697E+00     5     5  2.443915E+06  2.408484E+04
  2.673697E+00     6     6  4.202014E+05  1.203510E+05
  2.617995E+00     1     1  6.979559E+03  5.436794E+02
  2.617995E+00     1     5 -3.900467E+04  1.149408E+03
  2.617995E+00     2     2  6.979597E+03  5.436459E+02
  2.617995E+00     2     4  3.900411E+04 -1.149396E+03
  2.617995E+00     3     3  2.815957E+04  1.108917E+02
  2.617995E+00     4     2  3.903771E+04 -1.168781E+03
  2.617995E+00     4     4  2.442217E+06  2.119463E+04
  2.617995E+00     5     1 -3.903638E+04  1.168905E+03
  2.617995E+00     5     5  2.442245E+06  2.119425E+04
  2.617995E+00     6     6  4.384001E+05  1.072866E+05
  2.564567E+00     1     1  7.045492E+03  4.992212E+02
  2.564567E+00     1     5 -3.940298E+04  1.064099E+03
  2.564567E+00     2     2  7.045457E+03  4.992219E+02
  2.564567E+00     2     4  3.940280E+04 -1.063920E+03
  2.564567E+00     3     3  2.815298E+04  8.039767E+01
  2.564567E+00     4     2  3.931494E+04 -1.030005E+03
  2.564567E+00     4     4  2.441470E+06  1.882029E+04
  2.564567E+00     5     1 -3.931597E+04  1.030002E+03
  2.564567E+00     5     5  2.441520E+06  1.882102E+04
  2.564567E+00     6     6  4.515591E+05  8.877048E+04
  2.513275E+00     1     1  7.104097E+03  4.523035E+02
  2.513275E+00     1     5 -3.959801E+04  9.631819E+02
  2.513275E+00     2     2  7.104121E+03  4.523144E+02
  2.513275E+00     2     4  3.959770E+04 -9.635417E+02
  2.513275E+00     3     3  2.818050E+04  8.182925E+01
  2.513275E+00     4     2  3.958254E+04 -8.907094E+02
  2.513275E+00     4     4  2.443508E+06  1.730225E+04
  2.513275E+00     5     1 -3.958293E+04  8.905786E+02
  2.513275E+00     5     5  2.443554E+06  1.729945E+04
  2.513275E+00     6     6  4.705232E+05  8.518539E+04
  2.463995E+00     1     1  7.178167E+03  3.896243E+02
  2.463995E+00     1     5 -4.006383E+04  6.741826E+02
  2.463995E+00     2     2  7.178090E+03  3.896332E+02
  2.463995E+00     2     4  4.006322E+04 -6.741352E+02
  2.463995E+00     3     3  2.819934E+04  6.827129E+01
  2.463995E+00     4     2  3.953308E+04 -4.468569E+02
  2.463995E+00     4     4  2.439493E+06  1.347938E+04
  2.463995E+00     5     1 -3.953460E+04  4.468455E+02
  2.463995E+00     5     5  2.439517E+06  1.347986E+04
  2.463995E+00     6     6  4.856202E+05  9.216577E+04
  2.416611E+00     1     1  7.203115E+03  3.686334E+02
  2.416611E+00     1     5 -3.995230E+04  7.854946E+02
  2.416611E+00     2     2  7.203035E+03  3.686798E+02
  2.416611E+00     2     4  3.995086E+04 -7.837142E+02
  2.416611E+00     3     3  2.822991E+04  7.102348E+01
  2.416611E+00     4     2  4.008222E+04 -9.937481E+02
  2.416611E+00     4     4  2.444037E+06  1.285226E+04
  2.416611E+00     5     1 -4.008423E+04  9.937289E+02
  2.416611E+00     5     5  2.444044E+06  1.285200E+04
  2.416611E+00     6     6  4.770988E+05  1.018071E+05
  2.371015E+00     1     1  7.298953E+03  3.618318E+02
  2.371015E+00     1     5 -3.989463E+04  5.923848E+02
  2.371015E+00     2     2  7.298906E+03  3.618203E+02
  2.371015E+00     2     4  3.989213E+04 -5.922371E+02
  2.371015E+00     3     3  2.824620E+04  6.301252E+01
  2.371015E+00     4     2  3.992127E+04 -6.577575E+02
  2.371015E+00     4     4  2.446169E+06  1.316116E+04
  2.371015E+00     5     1 -3.992289E+04  6.577763E+02
  2.371015E+00     5     5  2.446236E+06  1.316064E+04
  2.371015E+00     6     6  4.701560E+05  1.007889E+05
  2.327107E+00     1     1  7.359379E+03  3.306425E+02
  2.327107E+00     1     5 -3.999293E+04  6.743139E+02
  2.327107E+00     2     2  7.359391E+03  3.306389E+02
  2.327107E+00     2     4  3.999319E+04 -6.743109E+02
  2.327107E+00     3     3  2.825227E+04  5.822068E+01
  2.327107E+00     4     2  3.990593E+04 -5.824010E+02
  2.327107E+00     4     4  2.446812E+06  1.286925E+04
  2.327107E+00     5     1 -3.990565E+04  5.823615E+02
  2.327107E+00     5     5  2.446814E+06  1.286762E+04
  2.327107E+00     6     6  4.893322E+05  8.159206E+04
  2.284796E+00     1     1  7.403620E+03  3.137391E+02
  2.284796E+00     1     5 -4.009643E+04  7.326406E+02
  2.284796E+00     2     2  7.403634E+03  3.137075E+02
  2.284796E+00     2     4  4.009540E+04 -7.330958E+02
  2.284796E+00     3     3  2.826543E+04  6.115863E+01
  2.284796E+00     4     2  4.020333E+04 -7.355915E+02
  2.284796E+00     4     4  2.448542E+06  1.239987E+04
  2.284796E+00     5     1 -4.020316E+04  7.355590E+02
  2.284796E+00     5     5  2.448566E+06  1.239986E+04
  2.284796E+00     6     6  4.727253E+05  6.457296E+04
  2.243996E+00     1     1  7.446578E+03  2.838102E+02
  2.243996E+00     1     5 -4.039563E+04  6.459838E+02
  2.243996E+00     2     2  7.446598E+03  2.838255E+02
  2.243996E+00     2     4  4.039353E+04 -6.461212E+02
  2.243996E+00     3     3  2.827809E+04  6.000005E+01
  2.243996E+00     4     2  4.030125E+04 -5.852366E+02
  2.243996E+00     4     4  2.447364E+06  1.005641E+04
  2.243996E+00     5     1 -4.030171E+04  5.852356E+02
  2.243996E+00     5     5  2.447412E+06  1.005546E+04
  2.243996E+00     6     6  4.876382E+05  5.385602E+04
  2.204628E+00     1     1  7.453858E+03  1.945940E+02
  2.204628E+00     1     5 -4.049045E+04  8.112062E+02
  2.204628E+00     2     2  7.453840E+03  1.946181E+02
  2.204628E+00     2     4  4.048840E+04 -8.131828E+02
  2.204628E+00     3     3  2.828275E+04  4.378825E+01
  2.204628E+00     4     2  4.057301E+04 -6.930714E+02
  2.204628E+00     4     4  2.449854E+06  9.452299E+03
  2.204628E+00     5     1 -4.057435E+04  6.930891E+02
  2.204628E+00     5     5  2.449883E+06  9.452754E+03
  2.204628E+00     6     6  4.988620E+05  5.566156E+04
  2.166617E+00     1     1  7.560055E+03  2.363791E+02
  2.166617E+00     1     5 -4.066262E+04  4.040852E+02
  2.166617E+00     2     2  7.560038E+03  2.363933E+02
  2.166617E+00     2     4  4.066032E+04 -4.037570E+02
  2.166617E+00     3     3  2.829761E+04  3.519695E+01
  2.166617E+00     4     2  4.035662E+04  3.907635E+01
  2.166617E+00     4     4  2.447810E+06  9.133757E+03
  2.166617E+00     5     1 -4.035867E+04 -3.901348E+01
  2.166617E+00     5     5  2.447851E+06  9.137735E+03
  2.166617E+00     6     6  5.078747E+05  6.897045E+04
  2.129894E+00     1     1  7.581098E+03  2.399122E+02
  2.129894E+00     1     5 -4.063822E+04  3.561524E+02
  2.129894E+00     2     2  7.581001E+03  2.399124E+02
  2.129894E+00     2     4  4.063761E+04 -3.560787E+02
  2.129894E+00     3     3  2.830323E+04  3.645914E+01
  2.129894E+00     4     2  4.054553E+04 -4.184459E+02
  2.129894E+00     4     4  2.448875E+06  7.593199E+03
  2.129894E+00     5     1 -4.054748E+04  4.184645E+02
  2.129894E+00     5     5  2.448988E+06  7.594899E+03
  2.129894E+00     6     6  4.995601E+05  7.188065E+04
  2.094396E+00     1     1  7.626946E+03  2.182204E+02
  2.094396E+00     1     5 -4.060625E+04  4.160389E+02
  2.094396E+00     2     2  7.626979E+03  2.182264E+02
  2.094396E+00     2     4  4.060479E+04 -4.160422E+02
  2.094396E+00     3     3  2.832402E+04  4.209964E+01
  2.094396E+00     4     2  4.043712E+04 -3.918124E+02
  2.094396E+00     4     4  2.450810E+06  7.453929E+03
  2.094396E+00     5     1 -4.043767E+04  3.917775E+02
  2.094396E+00     5     5  2.450815E+06  7.452864E+03
  2.094396E+00     6     6  4.892136E+05  5.893441E+04
  2.060062E+00     1     1  7.678434E+03  2.033884E+02
  2.060062E+00     1     5 -4.047775E+04  7.727197E+02
  2.060062E+00     2     2  7.678463E+03  2.034322E+02
  2.060062E+00     2     4  4.047995E+04 -7.698495E+02
  2.060062E+00     3     3  2.832720E+04  3.401738E+01
  2.060062E+00     4     2  4.018924E+04 -5.536642E+02
  2.060062E+00     4     4  2.455238E+06  1.254651E+04
  2.060062E+00     5     1 -4.019200E+04  5.528791E+02
  2.060062E+00     5     5  2.455321E+06  1.260485E+04
  2.060062E+00     6     6  4.944413E+05  4.623270E+04
  2.026835E+00     1     1  7.699516E+03  2.079706E+02
  2.026835E+00     1     5 -4.097251E+04  4.192706E+02
  2.026835E+00     2     2  7.699191E+03  2.078995E+02
  2.026835E+00     2     4  4.097016E+04 -4.204752E+02
  2.026835E+00     3     3  2.834163E+04  3.048981E+01
  2.026835E+00     4     2  4.091940E+04 -3.296158E+02
  2.026835E+00     4     4  2.449056E+06  7.681604E+03
  2.026835E+00     5     1 -4.092039E+04  3.307823E+02
  2.026835E+00     5     5  2.449025E+06  7.665404E+03
  2.026835E+00     6     6  5.111412E+05  4.482492E+04
  1.994663E+00     1     1  7.732839E+03  1.864115E+02
  1.994663E+00     1     5 -4.098188E+04  3.290240E+02
  1.994663E+00     2     2  7.732921E+03  1.864161E+02
  1.994663E+00     2     4  4.098268E+04 -3.289175E+02
  1.994663E+00     3     3  2.834018E+04  2.849204E+01
  1.994663E+00     4     2  4.079031E+04 -3.126987E+02
  1.994663E+00     4     4  2.451562E+06  5.602929E+03
  1.994663E+00     5     1 -4.079056E+04  3.127046E+02
  1.994663E+00     5     5  2.451560E+06  5.601745E+03
  1.994663E+00     6     6  5.201663E+05  4.243487E+04
  1.963497E+00     1     1  7.751039E+03  1.693255E+02
  1.963497E+00     1     5 -4.077068E+04  4.783068E+02
  1.963497E+00     2     2  7.751155E+03  1.693519E+02
  1.963497E+00     2     4  4.077195E+04 -4.773246E+02
  1.963497E+00     3     3  2.833308E+04  1.015296E+01
  1.963497E+00     4     2  4.104524E+04 -2.521864E+02
  1.963497E+00     4     4  2.457198E+06  9.489879E+03
  1.963497E+00     5     1 -4.104681E+04  2.517240E+02
  1.963497E+00     5     5  2.457282E+06  9.507596E+03
  1.963497E+00     6     6  5.194864E+05  5.327847E+04
  1.933289E+00     1     1  7.774300E+03  1.570323E+02
  1.933289E+00     1     5 -4.093175E+04  3.207173E+02
  1.933289E+00     2     2  7.774306E+03  1.570448E+02
  1.933289E+00     2     4  4.092868E+04 -3.212155E+02
  1.933289E+00     3     3  2.835883E+04  3.632787E+01
  1.933289E+00     4     2  4.118895E+04 -3.511732E+02
  1.933289E+00     4     4  2.454346E+06  5.754082E+03
  1.933289E+00     5     1 -4.119061E+04  3.511086E+02
  1.933289E+00     5     5  2.454366E+06  5.745419E+03
  1.933289E+00     6     6  5.111592E+05  5.013838E+04
  1.903997E+00     1     1  7.874060E+03  1.796722E+02
  1.903997E+00     1     5 -4.118646E+04  6.536806E+01
  1.903997E+00     2     2  7.874001E+03  1.794741E+02
  1.903997E+00     2     4  4.118689E+04 -6.254982E+01
  1.903997E+00     3     3  2.840042E+04  5.885225E+01
  1.903997E+00     4     2  4.052174E+04 -4.965551E+02
  1.903997E+00     4     4  2.452628E+06  1.970414E+03
  1.903997E+00     5     1 -4.052532E+04  4.976729E+02
  1.903997E+00     5     5  2.452656E+06  1.989178E+03
  1.903997E+00     6     6  5.249834E+05  5.171855E+04
  1.875579E+00     1     1  7.849544E+03  1.460910E+02
  1.875579E+00     1     5 -4.114761E+04  3.544357E+02
  1.875579E+00     2     2  7.849382E+03  1.460958E+02
  1.875579E+00     2     4  4.114620E+04 -3.542396E+02
  1.875579E+00     3     3  2.836397E+04 -1.498831E+01
  1.875579E+00     4     2  4.103998E+04 -2.137281E+02
  1.875579E+00     4     4  2.453077E+06  6.114660E+03
  1.875579E+00     5     1 -4.104003E+04  2.131159E+02
  1.875579E+00     5     5  2.453076E+06  6.116124E+03
  1.875579E+00     6     6  5.163502E+05  3.308264E+04
  1.847997E+00     1     1  7.866718E+03  5.915653E+01
  1.847997E+00     1     5 -4.171080E+04  7.031298E+02
  1.847997E+00     2     2  7.866681E+03  5.899590E+01
  1.847997E+00     2     4  4.171133E+04 -7.096927E+02
  1.847997E+00     3     3  2.838533E+04  2.191414E+01
  1.847997E+00     4     2  4.140241E+04  1.491087E+03
  1.847997E+00     4     4  2.443258E+06  1.559607E+04
  1.847997E+00     5     1 -4.140107E+04 -1.487365E+03
  1.847997E+00     5     5  2.443257E+06  1.544209E+04
  1.847997E+00     6     6  5.294043E+05  3.241450E+04
  1.821214E+00     1     1  7.907651E+03  1.151115E+02
  1.821214E+00     1     5 -4.125685E+04  1.664887E+02
  1.821214E+00     2     2  7.907636E+03  1.151336E+02
  1.821214E+00     2     4  4.125601E+04 -1.663291E+02
  1.821214E+00     3     3  2.839041E+04  2.355274E+01
  1.821214E+00     4     2  4.089805E+04 -1.099595E+02
  1.821214E+00     4     4  2.454102E+06  2.603851E+03
  1.821214E+00     5     1 -4.089880E+04  1.099349E+02
  1.821214E+00     5     5  2.454163E+06  2.604810E+03
  1.821214E+00     6     6  5.278809E+05  3.829801E+04
  1.795197E+00     1     1  7.951822E+03  1.102439E+02
  1.795197E+00     1     5 -4.151570E+04  1.727847E+02
  1.795197E+00     2     2  7.951815E+03  1.101515E+02
  1.795197E+00     2     4  4.151129E+04 -1.730261E+02
  1.795197E+00     3     3  2.839423E+04  9.069584E+00
  1.795197E+00     4     2  4.183289E+04  4.485656E+02
  1.795197E+00     4     4  2.452764E+06  7.366840E+03
  1.795197E+00     5     1 -4.183006E+04 -4.471234E+02
  1.795197E+00     5     5  2.452810E+06  7.363422E+03
  1.795197E+00     6     6  5.311340E+05  4.339217E+04
  1.769912E+00     1     1  7.966826E+03  1.082312E+02
  1.769912E+00     1     5 -4.138799E+04  1.131859E+02
  1.769912E+00     2     2  7.966757E+03  1.082491E+02
  1.769912E+00     2     4  4.138835E+04 -1.116147E+02
  1.769912E+00     3     3  2.840031E+04  1.438931E+01
  1.769912E+00     4     2  4.074867E+04  1.280080E+01
  1.769912E+00     4     4  2.452318E+06  1.406501E+03
  1.769912E+00     5     1 -4.075112E+04 -1.330561E+01
  1.769912E+00     5     5  2.452551E+06  1.444858E+03
  1.769912E+00     6     6  5.233303E+05  3.457571E+04
  1.745330E+00     1     1  7.961146E+03  1.033687E+02
  1.745330E+00     1     5 -4.137655E+04  1.776436E+02
  1.745330E+00     2     2  7.961032E+03  1.034277E+02
  1.745330E+00     2     4  4.137405E+04 -1.776655E+02
  1.745330E+00     3     3  2.841377E+04  3.778476E+00
  1.745330E+00     4     2  4.140855E+04 -2.093284E+02
  1.745330E+00     4     4  2.454709E+06  2.615154E+03
  1.745330E+00     5     1 -4.141069E+04  2.080648E+02
  1.745330E+00     5     5  2.454794E+06  2.618415E+03
  1.745330E+00     6     6  5.279987E+05  2.560003E+04
  1.721422E+00     1     1  8.026300E+03 -1.490389E+01
  1.721422E+00     1     5 -4.167642E+04  4.854639E+01
  1.721422E+00     2     2  8.026031E+03 -1.482722E+01
  1.721422E+00     2     4  4.167873E+04 -4.850161E+01
  1.721422E+00     3     3  2.841599E+04  5.255308E+00
  1.721422E+00     4     2  4.138286E+04  2.622256E+03
  1.721422E+00     4     4  2.448086E+06  1.557244E+03
  1.721422E+00     5     1 -4.138470E+04 -2.623974E+03
  1.721422E+00     5     5  2.448234E+06  1.551530E+03
  1.721422E+00     6     6  5.432993E+05  3.159975E+04
  1.698159E+00     1     1  8.033476E+03  1.058090E+02
  1.698159E+00     1     5 -4.138686E+04  1.654222E+01
  1.698159E+00     2     2  8.033421E+03  1.057700E+02
  1.698159E+00     2     4  4.138992E+04 -1.657348E+01
  1.698159E+00     3     3  2.841696E+04 -7.697124E-01
  1.698159E+00     4     2  4.093480E+04 -4.820473E+01
  1.698159E+00     4     4  2.456774E+06  8.377843E+02
  1.698159E+00     5     1 -4.093560E+04  4.804814E+01
  1.698159E+00     5     5  2.456802E+06  8.421243E+02
  1.698159E+00     6     6  5.378882E+05  3.440804E+04
  1.675517E+00     1     1  8.037809E+03  8.262218E+01
  1.675517E+00     1     5 -4.140930E+04  4.274983E+01
  1.675517E+00     2     2  8.037750E+03  8.262764E+01
  1.675517E+00     2     4  4.141425E+04 -4.240250E+01
  1.675517E+00     3     3  2.844226E+04  1.984742E+00
  1.675517E+00     4     2  4.124260E+04  1.801142E+02
  1.675517E+00     4     4  2.456679E+06  2.217745E+02
  1.675517E+00     5     1 -4.124156E+04 -1.806327E+02
  1.675517E+00     5     5  2.456652E+06  2.256795E+02
  1.675517E+00     6     6  5.334634E+05  3.029288E+04
  1.653471E+00     1     1  8.082586E+03  5.069939E+01
  1.653471E+00     1     5 -4.136488E+04  3.840169E+01
  1.653471E+00     2     2  8.082555E+03  5.068608E+01
  1.653471E+00     2     4  4.136720E+04 -3.932460E+01
  1.653471E+00     3     3  2.843068E+04  1.036527E+00
  1.653471E+00     4     2  4.086256E+04  7.454486E+02
  1.653471E+00     4     4  2.458564E+06 -3.942803E+02
  1.653471E+00     5     1 -4.086264E+04 -7.450826E+02
  1.653471E+00     5     5  2.458588E+06 -4.420511E+02
  1.653471E+00     6     6  5.393688E+05  2.595980E+04
  1.631997E+00     1     1  8.073077E+03  5.761900E+01
  1.631997E+00     1     5 -4.146955E+04  8.722766E+01
  1.631997E+00     2     2  8.073018E+03  5.763649E+01
  1.631997E+00     2     4  4.146752E+04 -8.876234E+01
  1.631997E+00     3     3  2.845734E+04 -7.828050E+00
  1.631997E+00     4     2  4.126090E+04  7.516001E+01
  1.631997E+00     4     4  2.457135E+06  1.689338E+02
  1.631997E+00     5     1 -4.126188E+04 -7.500125E+01
  1.631997E+00     5     5  2.457212E+06  1.644135E+02
  1.631997E+00     6     6  5.386993E+05  2.637403E+04
  1.611074E+00     1     1  8.112897E+03  7.590990E+01
  1.611074E+00     1     5 -4.137661E+04  7.874658E+00
  1.611074E+00     2     2  8.112876E+03  7.588443E+01
  1.611074E+00     2     4  4.137520E+04 -7.589847E+00
  1.611074E+00     3     3  2.844636E+04 -7.197558E-01
  1.611074E+00     4     2  4.076829E+04  2.566873E+02
  1.611074E+00     4     4  2.461117E+06 -1.186999E+03
  1.611074E+00     5     1 -4.076621E+04 -2.569408E+02
  1.611074E+00     5     5  2.461222E+06 -1.181291E+03
  1.611074E+00     6     6  5.402791E+05  2.649580E+04
  1.590681E+00     1     1  8.115558E+03  6.410314E+01
  1.590681E+00     1     5 -4.144714E+04  3.075781E+01
  1.590681E+00     2     2  8.115558E+03  6.412277E+01
  1.590681E+00     2     4  4.144961E+04 -3.052242E+01
  1.590681E+00     3     3  2.843737E+04 -1.724732E+01
  1.590681E+00     4     2  4.113383E+04  4.774839E+01
  1.590681E+00     4     4  2.460073E+06  2.390037E+02
  1.590681E+00     5     1 -4.113496E+04 -4.802489E+01
  1.590681E+00     5     5  2.460110E+06  2.382232E+02
  1.590681E+00     6     6  5.436244E+05  2.584333E+04
  1.570797E+00     1     1  8.133351E+03  6.020716E+01
  1.570797E+00     1     5 -4.150014E+04 -4.799237E+00
  1.570797E+00     2     2  8.133617E+03  6.021530E+01
  1.570797E+00     2     4  4.149988E+04  5.017113E+00
  1.570797E+00     3     3  2.846267E+04 -1.449091E+00
  1.570797E+00     4     2  4.100711E+04  1.467384E+02
  1.570797E+00     4     4  2.458495E+06 -1.613970E+03
  1.570797E+00     5     1 -4.100255E+04 -1.473872E+02
  1.570797E+00     5     5  2.458592E+06 -1.620321E+03
  1.570797E+00     6     6  5.420486E+05  2.447440E+04
  1.551405E+00     1     1  8.157446E+03  7.389503E+01
  1.551405E+00     1     5 -4.149288E+04 -9.847929E-01
  1.551405E+00     2     2  8.157402E+03  7.387093E+01
  1.551405E+00     2     4  4.149117E+04  9.390767E-01
  1.551405E+00     3     3  2.846959E+04 -4.953134E+00
  1.551405E+00     4     2  4.099521E+04  1.048943E+02
  1.551405E+00     4     4  2.461356E+06 -2.589471E+02
  1.551405E+00     5     1 -4.099475E+04 -1.054266E+02
  1.551405E+00     5     5  2.461424E+06 -2.585045E+02
  1.551405E+00     6     6  5.441919E+05  2.365891E+04
  1.532485E+00     1     1  8.164392E+03  5.614521E+01
  1.532485E+00     1     5 -4.149153E+04 -4.756963E+00
  1.532485E+00     2     2  8.164552E+03  5.614084E+01
  1.532485E+00     2     4  4.149049E+04  5.385496E+00
  1.532485E+00     3     3  2.848240E+04 -2.299964E+00
  1.532485E+00     4     2  4.115718E+04  8.311324E+01
  1.532485E+00     4     4  2.460915E+06 -5.335593E+02
  1.532485E+00     5     1 -4.115401E+04 -8.326339E+01
  1.532485E+00     5     5  2.460950E+06 -5.101880E+02
  1.532485E+00     6     6  5.456771E+05  2.194151E+04
  1.514021E+00     1     1  8.179834E+03  5.270351E+01
  1.514021E+00     1     5 -4.149148E+04  3.692578E+01
  1.514021E+00     2     2  8.179852E+03  5.270640E+01
  1.514021E+00     2     4  4.149163E+04 -3.685914E+01
  1.514021E+00     3     3  2.847430E+04 -2.380074E+00
  1.514021E+00     4     2  4.099020E+04  9.795148E+01
  1.514021E+00     4     4  2.462626E+06 -4.106337E+02
  1.514021E+00     5     1 -4.098829E+04 -9.809239E+01
  1.514021E+00     5     5  2.462667E+06 -4.113309E+02
  1.514021E+00     6     6  5.465820E+05  1.763608E+04
  1.495997E+00     1     1  8.228171E+03  4.484530E+01
  1.495997E+00     1     5 -4.166638E+04 -2.613260E+01
  1.495997E+00     2     2  8.227762E+03  4.488308E+01
  1.495997E+00     2     4  4.166166E+04  2.682345E+01
  1.495997E+00     3     3  2.849276E+04 -3.243261E+00
  1.495997E+00     4     2  4.122100E+04  3.814704E+01
  1.495997E+00     4     4  2.462938E+06  8.300007E+01
  1.495997E+00     5     1 -4.122573E+04 -3.895229E+01
  1.495997E+00     5     5  2.463043E+06  8.604807E+01
  1.495997E+00     6     6  5.487833E+05  2.070094E+04
  1.478397E+00     1     1  8.216211E+03  5.268734E+01
  1.478397E+00     1     5 -4.150976E+04  5.284816E+01
  1.478397E+00     2     2  8.216589E+03  5.265329E+01
  1.478397E+00     2     4  4.150549E+04 -5.254948E+01
  1.478397E+00     3     3  2.848623E+04  1.033722E-01
  1.478397E+00     4     2  4.105724E+04  1.955650E+02
  1.478397E+00     4     4  2.463601E+06 -6.173476E+02
  1.478397E+00     5     1 -4.105195E+04 -1.960769E+02
  1.478397E+00     5     5  2.463679E+06 -6.168562E+02
  1.478397E+00     6     6  5.476069E+05  1.421379E+04
  1.461207E+00     1     1  8.226696E+03  4.579370E+01
  1.461207E+00     1     5 -4.155322E+04  3.248274E+01
  1.461207E+00     2     2  8.226787E+03  4.579587E+01
  1.461207E+00     2     4  4.155206E+04 -3.253120E+01
  1.461207E+00     3     3  2.849177E+04 -2.476863E+00
  1.461207E+00     4     2  4.105708E+04  4.291193E+01
  1.461207E+00     4     4  2.463422E+06 -1.224665E+02
  1.461207E+00     5     1 -4.105452E+04 -4.302491E+01
  1.461207E+00     5     5  2.463448E+06 -1.222229E+02
  1.461207E+00     6     6  5.542496E+05  1.806236E+04
  1.444411E+00     1     1  8.233379E+03  2.498983E+01
  1.444411E+00     1     5 -4.157340E+04  1.017840E+02
  1.444411E+00     2     2  8.233091E+03  2.509108E+01
  1.444411E+00     2     4  4.156912E+04 -1.019558E+02
  1.444411E+00     3     3  2.849457E+04 -5.443390E-01
  1.444411E+00     4     2  4.118896E+04  1.944431E+01
  1.444411E+00     4     4  2.463502E+06 -4.197753E+02
  1.444411E+00     5     1 -4.119311E+04 -1.939571E+01
  1.444411E+00     5     5  2.463632E+06 -4.204629E+02
  1.444411E+00     6     6  5.507557E+05  1.826415E+04
  1.427997E+00     1     1  8.248185E+03  5.218172E+01
  1.427997E+00     1     5 -4.159535E+04  1.195611E+01
  1.427997E+00     2     2  8.248105E+03  5.216978E+01
  1.427997E+00     2     4  4.159337E+04 -1.234299E+01
  1.427997E+00     3     3  2.849635E+04 -2.095143E-01
  1.427997E+00     4     2  4.109863E+04  4.830188E+01
  1.427997E+00     4     4  2.463807E+06 -1.515388E+02
  1.427997E+00     5     1 -4.110217E+04 -4.828736E+01
  1.427997E+00     5     5  2.463884E+06 -1.515453E+02
  1.427997E+00     6     6  5.559719E+05  1.682726E+04
  1.411952E+00     1     1  8.260640E+03  4.357094E+01
  1.411952E+00     1     5 -4.157686E+04  2.534367E+01
  1.411952E+00     2     2  8.260924E+03  4.356505E+01
  1.411952E+00     2     4  4.157607E+04 -2.565922E+01
  1.411952E+00     3     3  2.849952E+04 -8.990698E-01
  1.411952E+00     4     2  4.115438E+04  2.652483E+01
  1.411952E+00     4     4  2.463795E+06 -1.141291E+01
  1.411952E+00     5     1 -4.114952E+04 -2.650627E+01
  1.411952E+00     5     5  2.463871E+06 -1.053251E+01
  1.411952E+00     6     6  5.542495E+05  1.751555E+04
  1.396264E+00     1     1  8.266133E+03  2.184285E+01
  1.396264E+00     1     5 -4.164743E+04  8.505447E+01
  1.396264E+00     2     2  8.266250E+03  2.188403E+01
  1.396264E+00     2     4  4.165033E+04 -8.652843E+01
  1.396264E+00     3     3  2.850460E+04  2.675101E-01
  1.396264E+00     4     2  4.118797E+04  4.921556E+01
  1.396264E+00     4     4  2.464366E+06 -1.754756E+02
  1.396264E+00     5     1 -4.118771E+04 -4.913068E+01
  1.396264E+00     5     5  2.464340E+06 -1.791333E+02
  1.396264E+00     6     6  5.535245E+05  1.505899E+04
  1.380920E+00     1     1  8.280669E+03  4.214843E+01
  1.380920E+00     1     5 -4.163001E+04 -1.027732E+01
  1.380920E+00     2     2  8.280585E+03  4.214119E+01
  1.380920E+00     2     4  4.162823E+04  1.029702E+01
  1.380920E+00     3     3  2.850500E+04 -5.433041E-01
  1.380920E+00     4     2  4.119188E+04  3.394750E+01
  1.380920E+00     4     4  2.464326E+06  4.523410E+01
  1.380920E+00     5     1 -4.119459E+04 -3.397010E+01
  1.380920E+00     5     5  2.464390E+06  4.581306E+01
  1.380920E+00     6     6  5.558082E+05  1.577199E+04
  1.365910E+00     1     1  8.286069E+03  4.005467E+01
  1.365910E+00     1     5 -4.166422E+04  3.915092E+01
  1.365910E+00     2     2  8.285972E+03  4.005169E+01
  1.365910E+00     2     4  4.166477E+04 -3.918261E+01
  1.365910E+00     3     3  2.850794E+04 -5.459287E-01
  1.365910E+00     4     2  4.118760E+04  4.555867E+01
  1.365910E+00     4     4  2.464501E+06 -1.499016E+02
  1.365910E+00     5     1 -4.119134E+04 -4.546754E+01
  1.365910E+00     5     5  2.464584E+06 -1.484505E+02
  1.365910E+00     6     6  5.560760E+05  1.352664E+04
  1.351223E+00     1     1  8.301481E+03  7.316515E+00
  1.351223E+00     1     5 -4.172005E+04  7.986113E+01
  1.351223E+00     2     2  8.301363E+03  7.437006E+00
  1.351223E+00     2     4  4.172145E+04 -7.985148E+01
  1.351223E+00     3     3  2.851004E+04 -4.864441E-01
  1.351223E+00     4     2  4.121712E+04  7.628040E+00
  1.351223E+00     4     4  2.464856E+06 -1.055300E+02
  1.351223E+00     5     1 -4.122234E+04 -7.451760E+00
  1.351223E+00     5     5  2.464824E+06 -1.054873E+02
  1.351223E+00     6     6  5.566017E+05  1.143037E+04
  1.336848E+00     1     1  8.308085E+03  4.121724E+01
  1.336848E+00     1     5 -4.169545E+04  1.954006E+01
  1.336848E+00     2     2  8.308047E+03  4.120691E+01
  1.336848E+00     2     4  4.169396E+04 -1.977081E+01
  1.336848E+00     3     3  2.851058E+04 -5.631605E-01
  1.336848E+00     4     2  4.121989E+04  4.389786E+01
  1.336848E+00     4     4  2.464902E+06 -6.234159E+01
  1.336848E+00     5     1 -4.122016E+04 -4.392281E+01
  1.336848E+00     5     5  2.464924E+06 -6.168280E+01
  1.336848E+00     6     6  5.574209E+05  1.238279E+04
  1.322776E+00     1     1  8.316606E+03  2.918713E+01
  1.322776E+00     1     5 -4.170882E+04  1.365191E+01
  1.322776E+00     2     2  8.316730E+03  2.918193E+01
  1.322776E+00     2     4  4.170711E+04 -1.337075E+01
  1.322776E+00     3     3  2.850833E+04 -3.495485E-01
  1.322776E+00     4     2  4.123033E+04  1.378700E+01
  1.322776E+00     4     4  2.465086E+06 -9.912785E+01
  1.322776E+00     5     1 -4.122993E+04 -1.379242E+01
  1.322776E+00     5     5  2.465180E+06 -9.844092E+01
  1.322776E+00     6     6  5.587534E+05  9.677982E+03
  1.308997E+00     1     1  8.375711E+03  1.996950E+01
  1.308997E+00     1     5 -4.186429E+04  1.872317E+01
  1.308997E+00     2     2  8.375590E+03  1.996328E+01
  1.308997E+00     2     4  4.186745E+04 -1.833175E+01
  1.308997E+00     3     3  2.851440E+04 -5.243999E-01
  1.308997E+00     4     2  4.129695E+04  2.948816E+01
  1.308997E+00     4     4  2.465297E+06 -6.701044E+00
  1.308997E+00     5     1 -4.129891E+04 -2.949330E+01
  1.308997E+00     5     5  2.465284E+06 -8.095295E+00
  1.308997E+00     6     6  5.648592E+05  6.104968E+03
  1.295502E+00     1     1  8.337429E+03  3.053511E+01
  1.295502E+00     1     5 -4.174248E+04  1.656429E-01
  1.295502E+00     2     2  8.337352E+03  3.053164E+01
  1.295502E+00     2     4  4.174094E+04  3.843104E-01
  1.295502E+00     3     3  2.851801E+04 -6.221868E-02
  1.295502E+00     4     2  4.127000E+04  1.755210E+01
  1.295502E+00     4     4  2.465439E+06 -5.960456E+01
  1.295502E+00     5     1 -4.127289E+04 -1.756473E+01
  1.295502E+00     5     5  2.465446E+06 -5.837075E+01
  1.295502E+00     6     6  5.638987E+05  1.193508E+04
  1.282283E+00     1     1  8.345493E+03  2.749252E+01
  1.282283E+00     1     5 -4.175555E+04  3.158404E+01
  1.282283E+00     2     2  8.345560E+03  2.749447E+01
  1.282283E+00     2     4  4.175000E+04 -3.143333E+01
  1.282283E+00     3     3  2.851972E+04 -2.091755E-01
  1.282283E+00     4     2  4.129346E+04  2.112909E+01
  1.282283E+00     4     4  2.465511E+06 -4.123242E+01
  1.282283E+00     5     1 -4.129130E+04 -2.110981E+01
  1.282283E+00     5     5  2.465703E+06 -4.083103E+01
  1.282283E+00     6     6  5.674956E+05  9.653337E+03
  1.269330E+00     1     1  8.365882E+03  4.088406E+01
  1.269330E+00     1     5 -4.178746E+04 -3.782409E+01
  1.269330E+00     2     2  8.365937E+03  4.089223E+01
  1.269330E+00     2     4  4.178844E+04  3.850444E+01
  1.269330E+00     3     3  2.852057E+04 -6.793948E-02
  1.269330E+00     4     2  4.130114E+04  2.709161E+01
  1.269330E+00     4     4  2.465698E+06 -1.314057E+01
  1.269330E+00     5     1 -4.130070E+04 -2.708166E+01
  1.269330E+00     5     5  2.465686E+06 -1.344156E+01
  1.269330E+00     6     6  5.694611E+05  1.307904E+04
  1.256637E+00     1     1  8.360345E+03  3.204970E+01
  1.256637E+00     1     5 -4.177058E+04  9.575063E+00
  1.256637E+00     2     2  8.360585E+03  3.204061E+01
  1.256637E+00     2     4  4.177505E+04 -9.738343E+00
  1.256637E+00     3     3  2.852098E+04 -4.703154E-02
  1.256637E+00     4     2  4.132216E+04  2.170657E+01
  1.256637E+00     4     4  2.465790E+06 -2.880434E+01
  1.256637E+00     5     1 -4.131730E+04 -2.175327E+01
  1.256637E+00     5     5  2.465710E+06 -2.821428E+01
  1.256637E+00     6     6  5.650425E+05  1.204305E+04
